const float ADC_LUT[4096] = { 0,
49.0000,51.0000,53.0000,55.0000,57.0000,59.0000,61.0000,63.0000,64.8000,65.8000,66.8000,68.0000,69.0000,70.0000,71.0000,     
72.2000,73.4000,74.6000,75.8000,76.8000,77.8000,79.0000,80.0000,81.0000,82.2000,83.4000,84.8000,85.8000,86.8000,88.0000,     
89.0000,90.0000,91.2000,92.6000,93.8000,94.8000,95.8000,97.0000,98.0000,99.4000,100.6000,101.8000,102.8000,104.0000,105.0000,
106.4000,107.8000,108.8000,109.8000,111.0000,112.0000,113.2000,114.2000,115.4000,116.6000,117.6000,118.8000,119.8000,120.8000,121.8000,
122.8000,123.8000,125.0000,126.0000,127.0000,128.0000,129.8000,131.2000,133.0000,134.8000,136.0000,137.8000,139.6000,141.0000,142.8000,
144.4000,145.6000,146.8000,147.8000,148.8000,150.0000,151.0000,152.2000,153.4000,154.6000,155.8000,156.8000,157.8000,159.0000,160.0000,
161.0000,162.0000,163.0000,163.8000,164.8000,165.8000,166.8000,167.6000,168.4000,169.4000,170.2000,171.0000,172.0000,173.0000,174.0000,
174.8000,175.8000,177.0000,178.0000,179.4000,180.8000,182.0000,183.0000,184.6000,185.8000,187.0000,188.2000,189.6000,190.8000,192.0000,
193.2000,194.6000,195.8000,197.0000,198.0000,199.4000,200.8000,201.8000,203.0000,204.0000,205.4000,206.8000,207.8000,208.8000,209.8000,
210.8000,211.4000,212.2000,213.0000,214.0000,215.0000,215.8000,216.8000,217.6000,218.4000,219.2000,220.0000,221.0000,221.8000,222.8000,
223.8000,224.8000,225.8000,227.0000,228.4000,229.8000,231.0000,232.0000,233.6000,234.8000,236.0000,237.2000,238.8000,239.8000,241.0000,
242.0000,243.0000,244.0000,245.0000,246.0000,247.0000,248.0000,249.0000,250.0000,251.0000,252.0000,253.0000,254.0000,255.2000,256.2000,
257.6000,258.8000,260.0000,261.0000,262.4000,263.8000,264.8000,266.0000,267.0000,268.4000,269.8000,270.8000,272.0000,273.6000,275.0000,
276.8000,278.0000,279.8000,281.4000,283.0000,284.6000,286.0000,287.8000,288.8000,289.8000,290.6000,291.4000,292.0000,293.0000,294.0000,
294.8000,295.8000,296.8000,297.6000,298.2000,299.0000,300.0000,301.0000,301.8000,302.8000,303.8000,304.6000,305.4000,306.4000,307.2000,
308.2000,309.0000,310.0000,311.0000,312.0000,313.0000,314.0000,315.0000,316.0000,316.8000,317.8000,318.8000,319.8000,321.0000,323.0000,
324.8000,326.8000,328.4000,330.0000,332.0000,333.8000,335.8000,336.8000,337.8000,338.8000,339.6000,340.4000,341.0000,342.0000,343.0000,    
344.0000,344.8000,345.8000,346.8000,347.4000,348.2000,349.0000,350.0000,351.0000,351.8000,353.0000,354.4000,355.8000,357.0000,358.8000,    
360.0000,361.4000,362.8000,364.0000,365.6000,366.8000,368.2000,369.8000,371.4000,373.0000,374.6000,376.0000,377.8000,379.0000,380.8000,    
382.0000,383.8000,384.8000,385.8000,386.8000,387.4000,388.2000,389.0000,390.0000,391.0000,391.8000,392.8000,393.8000,394.4000,395.2000,    
396.0000,397.0000,398.0000,398.8000,399.8000,400.8000,402.0000,403.6000,404.8000,406.0000,407.8000,409.0000,410.2000,411.8000,413.0000,
414.4000,415.8000,416.8000,417.4000,418.0000,419.0000,419.8000,420.4000,421.0000,422.0000,422.8000,423.4000,424.0000,424.8000,425.8000,    
426.4000,427.0000,427.8000,428.8000,429.2000,430.0000,430.8000,431.8000,432.6000,434.8000,436.8000,438.8000,441.0000,443.0000,445.0000,    
447.0000,448.8000,450.0000,451.0000,452.2000,453.6000,454.8000,455.8000,457.0000,458.0000,459.4000,460.8000,461.8000,463.0000,464.0000,    
465.0000,465.8000,466.8000,467.6000,468.2000,469.0000,470.0000,470.8000,471.8000,472.8000,473.4000,474.2000,475.0000,476.0000,476.8000,    
477.8000,478.6000,479.4000,480.0000,481.8000,483.0000,484.2000,485.8000,487.0000,488.4000,489.8000,491.0000,492.6000,494.0000,495.2000,
496.8000,497.8000,499.0000,500.0000,501.4000,502.8000,503.8000,505.0000,506.0000,507.6000,508.8000,509.8000,511.0000,512.2000,513.0000,    
514.0000,514.8000,515.8000,516.6000,517.4000,518.0000,519.0000,520.0000,520.8000,521.8000,522.6000,523.4000,524.0000,525.0000,526.0000,    
526.8000,527.8000,528.8000,530.6000,532.0000,534.0000,535.8000,537.2000,539.0000,540.8000,542.4000,544.0000,545.0000,546.4000,547.6000,    
548.8000,549.8000,550.8000,552.0000,553.0000,554.0000,555.2000,556.4000,557.6000,558.8000,559.8000,560.8000,562.0000,563.0000,564.0000,    
565.0000,566.2000,567.4000,568.6000,569.8000,570.8000,571.8000,573.0000,574.0000,575.0000,576.0000,577.8000,579.0000,580.8000,582.0000,    
583.4000,584.8000,586.2000,587.8000,589.0000,590.8000,592.0000,593.0000,594.0000,595.0000,596.0000,596.8000,597.8000,598.8000,599.8000,    
600.8000,601.8000,602.8000,603.8000,604.6000,605.6000,606.6000,607.4000,608.4000,609.6000,610.8000,611.8000,612.8000,613.8000,615.0000,
616.0000,617.0000,618.0000,619.2000,620.4000,621.6000,622.6000,623.8000,624.8000,625.6000,626.2000,627.0000,628.0000,628.8000,629.8000,    
630.8000,631.6000,632.2000,633.0000,634.0000,634.8000,635.8000,636.8000,637.6000,638.2000,639.0000,640.0000,641.0000,642.0000,643.4000,    
644.6000,645.8000,646.8000,647.8000,649.0000,650.0000,651.2000,652.4000,653.6000,654.8000,655.8000,656.8000,657.8000,658.8000,659.8000,    
660.8000,661.8000,662.8000,663.8000,664.8000,665.8000,666.8000,667.8000,668.8000,669.8000,670.8000,671.8000,673.0000,674.8000,676.0000,    
677.4000,678.8000,680.2000,681.8000,683.0000,684.8000,686.0000,687.8000,688.8000,689.8000,690.8000,691.8000,692.8000,693.8000,694.8000,    
695.8000,696.8000,697.8000,698.8000,699.8000,700.8000,701.8000,702.8000,703.8000,704.8000,705.8000,707.0000,708.0000,709.0000,710.0000,    
711.0000,712.0000,713.0000,714.2000,715.4000,716.4000,717.6000,718.6000,719.8000,720.8000,721.8000,722.8000,724.0000,725.0000,726.0000,    
727.0000,728.2000,729.4000,730.6000,731.6000,732.8000,733.8000,734.8000,736.0000,737.0000,738.0000,739.4000,740.8000,741.8000,742.8000,    
744.0000,745.0000,746.4000,747.6000,748.8000,749.8000,751.0000,752.0000,753.8000,755.0000,756.2000,757.8000,759.0000,760.4000,761.8000,    
763.0000,764.6000,766.0000,767.2000,768.8000,770.0000,771.6000,772.8000,774.0000,775.8000,777.0000,778.4000,779.8000,781.0000,782.8000,    
784.0000,785.0000,785.8000,786.8000,787.8000,788.8000,789.6000,790.4000,791.2000,792.0000,793.0000,794.0000,795.0000,795.8000,796.8000,
797.8000,798.6000,799.4000,800.4000,801.8000,803.2000,804.8000,806.0000,807.8000,809.0000,810.4000,811.8000,813.2000,814.8000,816.0000,    
817.0000,818.0000,818.8000,819.8000,820.8000,821.8000,822.6000,823.4000,824.2000,825.0000,826.0000,827.0000,827.8000,828.8000,829.8000,    
830.8000,831.6000,832.6000,833.8000,835.0000,836.2000,837.8000,839.0000,840.0000,841.6000,842.8000,844.0000,845.4000,846.8000,848.0000,    
849.0000,850.0000,850.8000,851.8000,852.8000,853.8000,854.8000,855.8000,856.8000,857.8000,858.8000,859.8000,860.6000,861.6000,862.6000,    
863.4000,864.6000,866.0000,867.6000,869.0000,870.4000,872.0000,873.4000,875.0000,876.4000,878.0000,879.4000,880.8000,881.6000,882.4000,    
883.0000,884.0000,885.0000,885.8000,886.8000,887.8000,888.6000,889.4000,890.2000,891.0000,892.0000,893.0000,893.8000,894.8000,895.8000,
896.6000,897.8000,899.0000,900.2000,901.8000,902.8000,904.0000,905.2000,906.8000,907.8000,909.0000,910.4000,911.8000,912.8000,913.8000,    
914.8000,915.8000,916.6000,917.6000,918.4000,919.4000,920.2000,921.2000,922.0000,923.0000,924.0000,925.0000,926.0000,927.0000,928.0000,    
929.4000,931.0000,932.8000,934.4000,936.0000,937.8000,939.4000,941.0000,942.8000,944.2000,945.0000,945.8000,946.6000,947.0000,948.0000,    
948.8000,949.6000,950.0000,951.0000,951.8000,952.4000,953.0000,954.0000,954.8000,955.4000,956.0000,957.0000,957.8000,958.4000,959.0000,    
959.8000,960.8000,962.0000,963.0000,964.4000,965.8000,966.8000,968.0000,969.0000,970.2000,971.6000,972.8000,973.8000,975.0000,976.0000,    
977.6000,978.8000,980.0000,981.2000,982.8000,984.0000,985.0000,986.6000,987.8000,989.0000,990.4000,991.8000,992.8000,994.0000,995.0000,
996.0000,997.0000,998.0000,999.2000,1000.4000,1001.6000,1002.6000,1003.8000,1004.8000,1005.8000,1006.8000,1008.0000,1014.8000,1023.0000,1025.0000,
1026.0000,1027.0000,1028.0000,1029.0000,1030.2000,1031.2000,1032.2000,1033.2000,1034.4000,1035.4000,1036.4000,1037.6000,1038.6000,1039.6000,1040.6000,
1041.8000,1042.8000,1043.8000,1044.8000,1045.8000,1046.8000,1047.8000,1048.8000,1049.8000,1050.8000,1051.8000,1052.8000,1053.8000,1054.8000,1055.8000,
1056.8000,1057.8000,1058.4000,1059.2000,1060.0000,1061.0000,1062.0000,1062.8000,1063.8000,1064.6000,1065.4000,1066.0000,1067.0000,1068.0000,1068.8000,
1069.8000,1070.8000,1071.4000,1072.4000,1073.8000,1075.0000,1076.6000,1077.8000,1079.0000,1080.8000,1082.0000,1083.4000,1084.8000,1086.0000,1087.6000,
1088.8000,1090.0000,1091.2000,1092.8000,1093.8000,1095.0000,1096.4000,1097.8000,1099.0000,1100.0000,1101.6000,1102.8000,1104.0000,1105.0000,1106.0000,
1107.0000,1108.0000,1109.0000,1110.0000,1111.0000,1112.0000,1113.0000,1114.0000,1115.0000,1116.0000,1117.0000,1118.0000,1119.0000,1119.8000,1121.0000,
1122.0000,1123.0000,1124.0000,1125.2000,1126.4000,1127.6000,1128.8000,1129.8000,1130.8000,1131.8000,1133.0000,1134.0000,1135.0000,1136.0000,1137.4000,
1138.8000,1140.0000,1141.0000,1142.6000,1143.8000,1145.0000,1146.0000,1147.6000,1148.8000,1150.0000,1151.0000,1152.6000,1153.8000,1154.8000,1155.8000,
1156.8000,1158.0000,1159.0000,1160.0000,1161.0000,1162.2000,1163.4000,1164.6000,1165.8000,1166.8000,1167.8000,1169.0000,1170.2000,1171.8000,1173.0000,
1174.0000,1175.6000,1176.8000,1178.0000,1179.4000,1180.8000,1182.0000,1183.2000,1184.6000,1185.6000,1186.8000,1187.8000,1188.8000,1189.8000,1190.8000,
1191.8000,1192.8000,1194.0000,1195.0000,1196.0000,1197.0000,1198.0000,1199.0000,1200.0000,1201.0000,1202.0000,1202.8000,1203.8000,1204.6000,1205.4000,
1206.0000,1207.0000,1208.0000,1208.8000,1209.8000,1210.6000,1211.4000,1212.2000,1213.0000,1214.0000,1214.8000,1215.8000,1216.8000,1217.8000,1218.8000,
1219.8000,1221.0000,1222.0000,1223.0000,1224.0000,1225.0000,1226.2000,1227.4000,1228.4000,1229.6000,1230.8000,1231.8000,1232.8000,1233.4000,1234.0000,
1235.0000,1235.8000,1236.8000,1237.6000,1238.2000,1239.0000,1240.0000,1240.8000,1241.8000,1242.4000,1243.0000,1244.0000,1244.8000,1245.8000,1246.6000,
1247.2000,1248.0000,1249.6000,1251.0000,1252.4000,1254.0000,1255.4000,1256.8000,1258.2000,1259.8000,1261.2000,1262.8000,1264.0000,1265.2000,1266.4000,
1267.6000,1268.8000,1269.8000,1270.8000,1271.8000,1273.0000,1274.0000,1275.0000,1276.0000,1277.2000,1278.4000,1279.6000,1280.8000,1281.8000,1282.8000,
1283.8000,1284.8000,1285.8000,1286.8000,1287.8000,1288.8000,1289.8000,1290.8000,1291.8000,1292.8000,1293.8000,1294.8000,1295.8000,1297.0000,1298.8000,
1300.4000,1302.0000,1303.8000,1305.4000,1307.0000,1308.8000,1310.2000,1312.0000,1313.0000,1314.0000,1315.0000,1316.0000,1317.0000,1318.0000,1319.0000,
1319.8000,1320.8000,1321.8000,1322.8000,1323.8000,1324.8000,1325.8000,1326.8000,1327.8000,1328.8000,1330.0000,1331.0000,1332.6000,1333.8000,1334.8000,
1336.0000,1337.2000,1338.6000,1339.8000,1341.0000,1342.0000,1343.4000,1344.6000,1345.8000,1346.8000,1347.8000,1348.8000,1349.8000,1350.8000,1351.8000,
1352.8000,1353.8000,1354.8000,1355.8000,1356.8000,1357.8000,1358.8000,1359.8000,1361.0000,1362.0000,1363.0000,1364.2000,1365.6000,1366.8000,1367.8000,
1368.8000,1370.0000,1371.0000,1372.2000,1373.4000,1374.6000,1375.8000,1376.8000,1378.0000,1379.2000,1380.8000,1381.8000,1383.0000,1384.2000,1385.8000,
1386.8000,1388.0000,1389.2000,1390.6000,1391.8000,1393.0000,1394.0000,1395.2000,1396.6000,1397.8000,1398.8000,1400.0000,1401.0000,1402.2000,1403.6000,
1404.8000,1405.8000,1407.0000,1408.0000,1409.0000,1409.8000,1410.8000,1411.8000,1412.4000,1413.2000,1414.0000,1415.0000,1415.8000,1416.8000,1417.8000,
1418.6000,1419.2000,1420.0000,1421.0000,1421.8000,1422.8000,1423.8000,1424.8000,1425.8000,1427.0000,1428.0000,1429.2000,1430.6000,1431.8000,1433.0000,
1434.0000,1435.2000,1436.6000,1437.8000,1438.8000,1440.0000,1441.0000,1442.0000,1442.8000,1443.8000,1444.8000,1445.8000,1446.8000,1447.6000,1448.4000,
1449.2000,1450.0000,1451.0000,1452.0000,1453.0000,1454.0000,1454.8000,1455.8000,1456.8000,1457.0000,1457.8000,1458.8000,1459.0000,1459.8000,1460.8000,
1461.0000,1461.8000,1462.8000,1463.0000,1463.8000,1464.6000,1465.0000,1465.8000,1466.6000,1467.0000,1467.8000,1468.6000,1469.0000,1469.8000,1470.6000,
1471.0000,1471.8000,1474.0000,1477.8000,1481.4000,1485.0000,1488.4000,1489.8000,1490.8000,1492.0000,1493.0000,1494.6000,1495.8000,1496.8000,1498.0000,
1499.2000,1500.6000,1501.8000,1503.0000,1504.0000,1505.2000,1506.4000,1507.6000,1508.8000,1509.8000,1510.8000,1512.0000,1513.0000,1514.0000,1515.0000,
1516.2000,1517.4000,1518.6000,1519.8000,1521.0000,1522.4000,1523.8000,1525.2000,1526.8000,1528.2000,1529.8000,1531.0000,1532.8000,1534.0000,1535.8000,
1536.8000,1537.4000,1538.0000,1538.8000,1539.8000,1540.2000,1541.0000,1541.8000,1542.6000,1543.0000,1544.0000,1544.8000,1545.4000,1546.0000,1547.0000,
1547.8000,1548.4000,1549.0000,1549.8000,1550.8000,1551.2000,1552.0000,1553.4000,1555.0000,1556.8000,1558.2000,1559.8000,1561.6000,1563.0000,1564.8000,
1566.2000,1568.0000,1569.0000,1570.0000,1571.2000,1572.2000,1573.4000,1574.6000,1575.8000,1576.8000,1577.8000,1578.8000,1580.0000,1581.0000,1582.0000,
1583.0000,1584.2000,1585.8000,1587.2000,1588.8000,1590.0000,1591.8000,1593.0000,1594.8000,1596.0000,1597.8000,1599.0000,1600.4000,1601.2000,1602.0000,
1603.0000,1604.0000,1605.0000,1605.8000,1606.8000,1607.8000,1608.6000,1609.4000,1610.4000,1611.2000,1612.0000,1613.0000,1614.0000,1614.8000,1615.8000,
1616.8000,1617.8000,1618.6000,1619.4000,1620.2000,1621.0000,1622.0000,1623.0000,1624.0000,1624.8000,1625.8000,1626.8000,1627.8000,1628.6000,1629.4000,
1630.2000,1631.0000,1632.0000,1633.8000,1635.0000,1636.8000,1638.4000,1640.0000,1641.6000,1643.0000,1644.8000,1646.0000,1647.8000,1648.8000,1649.8000,
1650.8000,1651.6000,1652.4000,1653.0000,1654.0000,1655.0000,1655.8000,1656.8000,1657.8000,1658.6000,1659.4000,1660.2000,1661.0000,1662.0000,1663.0000,
1663.8000,1664.8000,1666.0000,1667.2000,1668.6000,1669.8000,1671.0000,1672.0000,1673.4000,1674.8000,1675.8000,1677.0000,1678.2000,1679.6000,1680.8000,
1682.0000,1683.6000,1684.8000,1686.0000,1687.8000,1689.0000,1690.2000,1691.8000,1693.0000,1694.2000,1695.8000,1696.8000,1697.4000,1698.0000,1698.8000,
1699.8000,1700.2000,1701.0000,1701.8000,1702.6000,1703.2000,1704.0000,1704.8000,1705.6000,1706.0000,1707.0000,1707.8000,1708.4000,1709.0000,1709.8000,
1710.8000,1711.4000,1712.0000,1714.2000,1716.8000,1719.2000,1721.8000,1724.0000,1726.8000,1728.8000,1729.8000,1730.6000,1731.6000,1732.6000,1733.6000,
1734.6000,1735.6000,1736.4000,1737.4000,1738.4000,1739.4000,1740.4000,1741.4000,1742.2000,1743.2000,1744.2000,1745.8000,1746.8000,1748.0000,1749.4000,
1750.8000,1752.0000,1753.0000,1754.6000,1755.8000,1757.0000,1758.2000,1759.8000,1760.8000,1761.6000,1762.2000,1763.0000,1764.0000,1764.8000,1765.8000,
1766.8000,1767.4000,1768.0000,1769.0000,1770.0000,1770.8000,1771.8000,1772.6000,1773.2000,1774.0000,1775.0000,1775.8000,1776.8000,1777.4000,1778.0000,
1779.0000,1779.8000,1780.6000,1781.2000,1782.0000,1782.8000,1783.8000,1784.4000,1785.0000,1786.0000,1786.8000,1787.6000,1788.2000,1789.0000,1789.8000,
1790.8000,1791.4000,1792.0000,1793.2000,1794.4000,1795.8000,1796.8000,1797.8000,1799.0000,1800.0000,1801.0000,1802.2000,1803.6000,1804.8000,1805.8000,
1806.8000,1808.0000,1809.8000,1811.8000,1813.8000,1816.0000,1818.0000,1820.0000,1822.0000,1824.0000,1825.0000,1826.0000,1827.0000,1828.0000,1829.0000,
1830.0000,1831.2000,1832.2000,1833.2000,1834.2000,1835.2000,1836.2000,1837.4000,1838.4000,1839.4000,1840.4000,1841.6000,1842.8000,1843.8000,1845.0000,
1846.0000,1847.0000,1848.2000,1849.4000,1850.6000,1851.8000,1852.8000,1853.8000,1855.0000,1856.0000,1857.0000,1858.2000,1859.4000,1860.6000,1861.8000,
1862.8000,1863.8000,1865.0000,1866.0000,1867.0000,1868.2000,1869.4000,1870.6000,1871.8000,1872.8000,1873.8000,1874.8000,1875.8000,1877.0000,1878.0000,
1879.0000,1880.0000,1881.0000,1882.2000,1883.2000,1884.4000,1885.6000,1886.6000,1887.8000,1888.8000,1890.0000,1891.0000,1892.4000,1893.8000,1894.8000,
1896.0000,1897.0000,1898.6000,1899.8000,1900.8000,1902.0000,1903.2000,1904.6000,1905.4000,1906.2000,1907.2000,1908.0000,1909.0000,1910.0000,1911.0000,
1912.0000,1913.0000,1913.8000,1914.8000,1915.8000,1916.8000,1917.8000,1918.8000,1919.6000,1920.8000,1922.0000,1923.8000,1925.2000,1926.8000,1928.4000,
1930.0000,1931.6000,1933.0000,1934.8000,1936.0000,1937.0000,1938.0000,1939.0000,1940.0000,1941.0000,1942.0000,1943.0000,1944.0000,1945.0000,1946.0000,
1947.0000,1948.0000,1949.0000,1950.0000,1951.0000,1952.0000,1953.8000,1955.2000,1956.8000,1958.4000,1960.0000,1961.8000,1963.0000,1964.8000,1966.2000,
1967.8000,1969.0000,1969.8000,1970.8000,1971.8000,1972.8000,1973.8000,1974.8000,1975.8000,1976.6000,1977.6000,1978.4000,1979.4000,1980.2000,1981.2000,
1982.0000,1983.0000,1984.0000,1985.0000,1986.0000,1987.0000,1988.0000,1989.0000,1990.0000,1990.8000,1991.8000,1992.8000,1993.8000,1994.8000,1995.8000,
1996.8000,1997.8000,1998.8000,1999.8000,2000.8000,2001.8000,2003.0000,2004.0000,2005.4000,2006.8000,2007.8000,2009.0000,2010.0000,2011.2000,2012.6000,
2013.8000,2014.8000,2016.0000,2017.0000,2018.2000,2019.4000,2020.6000,2021.8000,2022.8000,2023.8000,2025.0000,2026.0000,2027.0000,2028.0000,2029.2000,
2030.4000,2031.6000,2032.4000,2032.8000,2033.2000,2033.8000,2034.0000,2034.8000,2035.0000,2035.8000,2036.0000,2036.6000,2037.0000,2037.4000,2037.8000,
2038.2000,2038.8000,2039.0000,2039.8000,2040.0000,2040.8000,2041.0000,2041.6000,2042.0000,2042.4000,2043.0000,2043.4000,2043.8000,2044.2000,2044.8000,
2045.0000,2045.8000,2046.0000,2046.8000,2047.0000,2047.6000,2048.0000,2048.8000,2050.0000,2051.3999,2052.8000,2054.0000,2055.3999,2056.8000,2058.0000,
2059.2000,2060.8000,2062.0000,2063.2000,2064.6001,2065.6001,2066.3999,2067.3999,2068.3999,2069.3999,2070.3999,2071.2000,2072.2000,2073.2000,2074.2000,
2075.2000,2076.2000,2077.0000,2078.0000,2079.0000,2080.0000,2081.2000,2082.6001,2083.8000,2084.8000,2086.0000,2087.0000,2088.0000,2089.2000,2090.6001,
2091.8000,2092.8000,2094.0000,2095.0000,2096.0000,2097.2000,2098.2000,2099.2000,2100.3999,2101.3999,2102.3999,2103.6001,2104.6001,2105.8000,2106.8000,
2107.8000,2108.8000,2109.8000,2110.8000,2111.8000,2113.0000,2114.0000,2115.3999,2116.8000,2118.0000,2119.0000,2120.6001,2121.8000,2123.0000,2124.0000,
2125.6001,2126.8000,2128.0000,2129.0000,2130.0000,2131.0000,2132.0000,2132.8000,2133.8000,2134.8000,2135.8000,2136.8000,2137.8000,2138.8000,2139.8000,
2140.8000,2141.8000,2142.8000,2143.8000,2144.8000,2145.8000,2147.0000,2148.0000,2149.0000,2150.2000,2151.3999,2152.6001,2153.8000,2154.8000,2155.8000,
2157.0000,2158.0000,2159.0000,2160.3999,2161.8000,2162.8000,2164.0000,2165.0000,2166.3999,2167.8000,2168.8000,2170.0000,2171.2000,2172.6001,2173.8000,
2175.0000,2176.0000,2177.0000,2178.0000,2179.0000,2180.0000,2181.0000,2182.0000,2183.0000,2184.0000,2185.0000,2186.0000,2187.0000,2188.0000,2189.0000,
2190.0000,2191.0000,2192.0000,2193.0000,2194.0000,2195.0000,2195.8000,2196.8000,2197.8000,2198.8000,2199.8000,2200.6001,2201.6001,2202.3999,2203.2000,
2204.0000,2205.0000,2206.0000,2207.0000,2208.0000,2209.0000,2210.8000,2212.0000,2213.6001,2215.0000,2216.2000,2217.8000,2219.0000,2220.8000,2222.0000,
2223.6001,2224.8000,2225.8000,2226.8000,2227.8000,2228.8000,2229.8000,2230.8000,2231.8000,2232.8000,2233.8000,2234.8000,2235.8000,2237.0000,2238.0000,
2239.0000,2240.0000,2241.0000,2242.6001,2243.8000,2245.0000,2246.6001,2247.8000,2249.0000,2250.3999,2251.8000,2253.0000,2254.2000,2255.8000,2256.8000,
2257.8000,2258.8000,2260.0000,2261.0000,2262.0000,2263.0000,2264.0000,2265.0000,2266.0000,2267.0000,2268.0000,2269.0000,2270.2000,2271.2000,2272.3999,
2274.0000,2275.8000,2277.2000,2278.8000,2280.6001,2282.0000,2283.8000,2285.3999,2287.0000,2288.3999,2289.0000,2290.0000,2290.8000,2291.8000,2292.6001,
2293.3999,2294.0000,2295.0000,2295.8000,2296.8000,2297.6001,2298.2000,2299.0000,2300.0000,2300.8000,2301.8000,2302.6001,2303.2000,2304.0000,2305.2000,
2306.6001,2307.8000,2309.0000,2310.0000,2311.2000,2312.6001,2313.8000,2315.0000,2316.0000,2317.2000,2318.6001,2319.8000,2320.8000,2321.8000,2322.8000,
2324.0000,2325.0000,2326.0000,2327.0000,2328.0000,2329.0000,2330.0000,2331.0000,2332.0000,2333.0000,2334.0000,2335.0000,2336.0000,2337.0000,2337.8000,
2338.8000,2339.3999,2340.0000,2341.0000,2341.8000,2342.6001,2343.2000,2344.0000,2344.8000,2345.8000,2346.3999,2347.0000,2348.0000,2348.8000,2349.6001,
2350.2000,2351.0000,2351.8000,2353.2000,2355.0000,2357.0000,2359.0000,2360.8000,2362.8000,2364.8000,2366.6001,2368.2000,2369.3999,2370.6001,2371.6001,
2372.8000,2373.8000,2374.8000,2375.8000,2377.0000,2378.0000,2379.0000,2380.0000,2381.0000,2382.2000,2383.2000,2384.8000,2386.8000,2388.8000,2390.8000,
2392.8000,2394.8000,2396.8000,2398.8000,2400.3999,2401.0000,2401.8000,2402.8000,2403.2000,2404.0000,2404.8000,2405.3999,2406.0000,2406.8000,2407.6001,
2408.0000,2409.0000,2409.8000,2410.3999,2411.0000,2411.8000,2412.6001,2413.0000,2414.0000,2414.8000,2415.2000,2416.0000,2417.0000,2418.0000,2419.0000,
2420.2000,2421.2000,2422.3999,2423.6001,2424.8000,2425.8000,2426.8000,2427.8000,2428.8000,2430.0000,2431.0000,2432.0000,2434.0000,2435.8000,2437.8000,
2439.8000,2441.6001,2443.3999,2445.2000,2447.0000,2448.8000,2449.6001,2450.2000,2451.0000,2452.0000,2452.8000,2453.8000,2454.8000,2455.6001,2456.2000,
2457.0000,2458.0000,2458.8000,2459.8000,2460.8000,2461.6001,2462.2000,2463.0000,2464.0000,2465.0000,2466.0000,2467.0000,2468.2000,2469.2000,2470.3999,
2471.6001,2472.8000,2473.8000,2474.8000,2475.8000,2476.8000,2478.0000,2479.0000,2480.0000,2481.0000,2482.2000,2483.6001,2484.8000,2485.8000,2486.8000,
2488.0000,2489.0000,2490.2000,2491.3999,2492.8000,2493.8000,2494.8000,2496.0000,2497.2000,2498.8000,2500.0000,2501.3999,2502.8000,2504.0000,2505.6001,
2506.8000,2508.0000,2509.6001,2510.8000,2512.0000,2513.3999,2514.8000,2515.8000,2517.0000,2518.0000,2519.2000,2520.3999,2521.8000,2522.8000,2524.0000,
2525.0000,2526.2000,2527.6001,2528.8000,2529.8000,2530.8000,2531.8000,2533.0000,2534.0000,2535.0000,2536.0000,2537.0000,2538.2000,2539.2000,2540.3999,
2541.6001,2542.8000,2543.8000,2544.8000,2546.0000,2547.0000,2548.3999,2549.8000,2550.8000,2552.0000,2553.2000,2554.8000,2555.8000,2557.0000,2558.0000,
2559.6001,2560.8000,2561.8000,2563.0000,2564.0000,2565.2000,2566.3999,2567.6001,2568.8000,2569.8000,2571.0000,2572.0000,2573.2000,2574.3999,2575.8000,
2576.8000,2577.8000,2579.0000,2580.0000,2581.0000,2582.0000,2583.2000,2584.3999,2585.6001,2586.8000,2587.8000,2588.8000,2590.0000,2591.0000,2592.0000,
2593.2000,2594.3999,2595.8000,2596.8000,2597.8000,2599.0000,2600.0000,2601.2000,2602.6001,2603.8000,2604.8000,2606.0000,2607.0000,2608.2000,2609.0000,
2610.0000,2611.0000,2612.0000,2613.0000,2614.0000,2615.0000,2616.0000,2617.0000,2618.0000,2619.0000,2620.0000,2621.0000,2622.0000,2623.0000,2623.8000,
2624.8000,2625.8000,2626.3999,2627.2000,2628.0000,2629.0000,2629.8000,2630.8000,2631.3999,2632.2000,2633.0000,2634.0000,2634.8000,2635.8000,2636.3999,
2637.0000,2638.0000,2638.8000,2639.8000,2640.8000,2642.0000,2643.0000,2644.6001,2645.8000,2647.0000,2648.2000,2649.6001,2650.8000,2652.0000,2653.2000,
2654.6001,2655.8000,2657.8000,2660.3999,2663.0000,2665.3999,2668.0000,2670.6001,2672.6001,2673.6001,2674.6001,2675.3999,2676.3999,2677.3999,2678.3999,
2679.2000,2680.2000,2681.2000,2682.2000,2683.0000,2684.0000,2685.0000,2686.0000,2687.0000,2688.0000,2689.0000,2690.0000,2690.8000,2691.8000,2692.8000,
2693.6001,2694.3999,2695.2000,2696.0000,2697.0000,2698.0000,2699.0000,2699.8000,2700.8000,2701.8000,2702.6001,2703.3999,2704.3999,2705.8000,2706.8000,
2708.0000,2709.2000,2710.6001,2711.8000,2713.0000,2714.0000,2715.3999,2716.8000,2717.8000,2719.0000,2720.2000,2721.3999,2722.6001,2723.8000,2724.8000,
2726.0000,2727.0000,2728.0000,2729.3999,2730.6001,2731.8000,2732.8000,2734.0000,2735.0000,2736.0000,2737.0000,2738.2000,2739.2000,2740.3999,2741.3999,
2742.3999,2743.6001,2744.6001,2745.6001,2746.8000,2747.8000,2748.8000,2749.8000,2750.8000,2751.8000,2753.0000,2754.0000,2755.6001,2756.8000,2758.0000,
2759.3999,2760.8000,2762.0000,2763.2000,2764.8000,2766.0000,2767.0000,2768.3999,2769.3999,2770.2000,2771.2000,2772.0000,2773.0000,2774.0000,2775.0000,
2776.0000,2777.0000,2777.8000,2778.8000,2779.8000,2780.8000,2781.8000,2782.8000,2783.8000,2784.8000,2785.8000,2786.8000,2787.8000,2788.8000,2790.0000,
2791.0000,2792.0000,2793.0000,2794.0000,2795.2000,2796.3999,2797.3999,2798.6001,2799.8000,2800.8000,2802.0000,2803.0000,2804.2000,2805.6001,2806.8000,
2808.0000,2809.0000,2810.2000,2811.6001,2812.8000,2813.8000,2815.0000,2816.2000,2817.8000,2818.8000,2820.0000,2821.3999,2822.8000,2824.0000,2825.0000,
2826.6001,2827.8000,2829.0000,2830.2000,2831.8000,2832.8000,2833.2000,2834.0000,2834.8000,2835.2000,2836.0000,2836.8000,2837.3999,2838.0000,2838.8000,
2839.6001,2840.0000,2841.0000,2841.8000,2842.2000,2843.0000,2843.8000,2844.3999,2845.0000,2845.8000,2846.6001,2847.0000,2847.8000,2849.0000,2850.8000,
2852.0000,2853.8000,2855.2000,2856.8000,2858.6001,2860.0000,2861.8000,2863.0000,2864.8000,2866.0000,2867.8000,2869.0000,2870.3999,2871.8000,2873.0000,
2874.8000,2876.0000,2877.6001,2878.8000,2880.2000,2881.0000,2882.0000,2882.8000,2883.8000,2884.8000,2885.3999,2886.2000,2887.0000,2888.0000,2888.8000,
2889.8000,2890.8000,2891.6001,2892.2000,2893.0000,2894.0000,2895.0000,2895.8000,2896.8000,2898.0000,2899.2000,2900.8000,2901.8000,2903.0000,2904.2000,
2905.6001,2906.8000,2908.0000,2909.2000,2910.6001,2911.8000,2912.8000,2913.8000,2914.3999,2915.0000,2916.0000,2917.0000,2917.8000,2918.8000,2919.3999,
2920.2000,2921.0000,2922.0000,2922.8000,2923.8000,2924.3999,2925.2000,2926.0000,2927.0000,2927.8000,2928.8000,2929.8000,2931.0000,2932.0000,2933.0000,
2934.0000,2935.0000,2936.2000,2937.3999,2938.6001,2939.8000,2940.8000,2941.8000,2942.8000,2944.0000,2945.0000,2946.2000,2947.6001,2948.8000,2950.0000,
2951.0000,2952.3999,2953.8000,2954.8000,2956.0000,2957.2000,2958.8000,2959.8000,2960.8000,2961.8000,2963.0000,2964.0000,2965.0000,2966.0000,2967.0000,
2968.0000,2969.0000,2970.0000,2971.0000,2972.0000,2973.0000,2974.0000,2975.0000,2976.0000,2977.0000,2978.0000,2979.0000,2980.0000,2981.0000,2982.0000,
2983.0000,2984.2000,2985.2000,2986.2000,2987.2000,2988.2000,2989.3999,2990.3999,2991.3999,2992.3999,2993.6001,2994.8000,2995.8000,2996.8000,2997.8000,
2998.8000,3000.0000,3001.0000,3002.0000,3003.0000,3004.0000,3005.2000,3006.2000,3007.3999,3008.6001,3009.8000,3011.0000,3012.0000,3013.6001,3014.8000,
3016.0000,3017.0000,3018.3999,3019.8000,3020.8000,3022.0000,3023.2000,3024.8000,3025.8000,3027.0000,3028.0000,3029.3999,3030.8000,3031.8000,3033.0000,
3034.2000,3035.6001,3036.8000,3037.8000,3039.0000,3040.2000,3041.0000,3042.0000,3043.0000,3043.8000,3044.8000,3045.8000,3046.8000,3047.6001,3048.3999,
3049.2000,3050.0000,3051.0000,3052.0000,3052.8000,3053.8000,3054.8000,3055.8000,3057.8000,3062.0000,3066.8000,3071.3999,3073.0000,3074.0000,3075.0000,
3076.2000,3077.2000,3078.3999,3079.3999,3080.6001,3081.8000,3082.8000,3083.8000,3084.8000,3085.8000,3086.8000,3088.0000,3089.0000,3089.8000,3090.8000,
3091.8000,3092.8000,3093.8000,3094.8000,3095.8000,3096.8000,3097.6001,3098.6001,3099.3999,3100.3999,3101.2000,3102.2000,3103.0000,3104.0000,3105.2000,
3106.3999,3107.3999,3108.6001,3109.8000,3110.8000,3111.8000,3112.8000,3114.0000,3115.0000,3116.0000,3117.0000,3118.2000,3119.3999,3120.3999,3121.0000,
3122.0000,3123.0000,3123.8000,3124.8000,3125.6001,3126.3999,3127.2000,3128.0000,3129.0000,3129.8000,3130.8000,3131.8000,3132.3999,3133.2000,3134.0000,
3135.0000,3135.8000,3136.8000,3138.0000,3139.0000,3140.2000,3141.6001,3142.8000,3143.8000,3144.8000,3146.0000,3147.0000,3148.2000,3149.6001,3150.8000,
3151.8000,3152.8000,3154.0000,3155.0000,3156.0000,3157.2000,3158.3999,3159.6001,3160.8000,3161.8000,3162.8000,3164.0000,3165.0000,3166.0000,3167.2000,
3168.3999,3169.2000,3170.2000,3171.2000,3172.0000,3173.0000,3174.0000,3175.0000,3176.0000,3177.0000,3178.0000,3179.0000,3179.8000,3180.8000,3181.8000,
3182.8000,3183.8000,3184.8000,3185.8000,3186.8000,3187.8000,3188.8000,3189.8000,3190.8000,3191.8000,3192.8000,3193.8000,3194.8000,3195.8000,3196.8000,
3197.8000,3198.8000,3199.8000,3200.6001,3201.3999,3202.2000,3203.0000,3204.0000,3205.0000,3205.8000,3206.8000,3207.6001,3208.3999,3209.2000,3210.0000,
3211.0000,3212.0000,3212.8000,3213.8000,3214.6001,3215.3999,3216.2000,3217.0000,3218.0000,3218.8000,3219.8000,3220.8000,3221.3999,3222.2000,3223.0000,
3224.0000,3224.8000,3225.8000,3226.8000,3227.3999,3228.2000,3229.0000,3230.0000,3230.8000,3231.8000,3232.8000,3234.0000,3235.6001,3237.0000,3238.2000,
3239.8000,3241.0000,3242.3999,3243.8000,3245.0000,3246.6001,3247.8000,3248.8000,3249.6001,3250.2000,3251.0000,3251.8000,3252.8000,3253.2000,3254.0000,
3254.8000,3255.8000,3256.3999,3257.0000,3257.8000,3258.8000,3259.3999,3260.0000,3261.0000,3261.8000,3262.6001,3263.0000,3264.0000,3265.0000,3266.6001,
3267.8000,3269.0000,3270.3999,3271.8000,3273.0000,3274.3999,3275.8000,3277.0000,3278.2000,3279.8000,3280.8000,3281.8000,3282.3999,3283.2000,3284.0000,
3285.0000,3286.0000,3286.8000,3287.8000,3288.6001,3289.3999,3290.2000,3291.0000,3292.0000,3293.0000,3293.8000,3294.8000,3295.6001,3296.3999,3297.2000,
3298.2000,3299.0000,3300.0000,3301.0000,3302.0000,3302.8000,3303.8000,3304.8000,3305.8000,3306.8000,3307.6001,3308.3999,3309.2000,3310.2000,3311.0000,
3312.0000,3312.8000,3313.6001,3314.0000,3315.0000,3315.8000,3316.2000,3317.0000,3317.8000,3318.3999,3319.0000,3319.8000,3320.6001,3321.0000,3322.0000,
3322.8000,3323.2000,3324.0000,3324.8000,3325.3999,3326.0000,3326.8000,3327.6001,3328.0000,3329.2000,3330.3999,3331.3999,3332.6001,3333.8000,3334.8000,
3335.8000,3336.8000,3337.8000,3339.0000,3340.0000,3341.0000,3342.0000,3343.0000,3344.2000,3345.0000,3345.8000,3346.3999,3347.0000,3347.8000,3348.8000,
3349.2000,3350.0000,3350.8000,3351.3999,3352.0000,3352.8000,3353.8000,3354.2000,3355.0000,3355.8000,3356.3999,3357.0000,3357.8000,3358.8000,3359.2000,
3360.0000,3361.0000,3361.8000,3362.8000,3363.8000,3364.8000,3365.8000,3366.8000,3367.8000,3368.8000,3369.8000,3370.6001,3371.6001,3372.6001,3373.3999,
3374.3999,3375.2000,3376.2000,3377.0000,3377.8000,3378.8000,3379.3999,3380.0000,3381.0000,3381.8000,3382.6001,3383.2000,3384.0000,3384.8000,3385.8000,
3386.6001,3387.0000,3388.0000,3388.8000,3389.8000,3390.3999,3391.0000,3392.0000,3392.8000,3393.3999,3394.0000,3394.8000,3395.8000,3396.2000,3397.0000,
3397.8000,3398.3999,3399.0000,3399.8000,3400.8000,3401.2000,3402.0000,3402.8000,3403.6001,3404.0000,3405.0000,3405.8000,3406.3999,3407.0000,3407.8000,
3408.8000,3409.6001,3410.2000,3411.0000,3412.0000,3412.8000,3413.8000,3414.8000,3415.6001,3416.2000,3417.0000,3418.0000,3418.8000,3419.8000,3420.8000,
3421.3999,3422.2000,3423.0000,3424.0000,3425.0000,3425.8000,3426.8000,3427.8000,3428.8000,3429.8000,3430.8000,3431.8000,3432.8000,3433.8000,3434.6001,
3435.6001,3436.3999,3437.3999,3438.3999,3439.2000,3440.2000,3441.0000,3441.8000,3442.8000,3443.6001,3444.2000,3445.0000,3446.0000,3446.8000,3447.6001,
3448.2000,3449.0000,3450.0000,3450.8000,3451.8000,3452.3999,3453.0000,3454.0000,3454.8000,3455.8000,3456.3999,3457.0000,3457.8000,3458.8000,3459.3999,
3460.0000,3460.8000,3461.8000,3462.2000,3463.0000,3463.8000,3464.6001,3465.0000,3466.0000,3466.8000,3467.3999,3468.0000,3469.0000,3469.8000,3470.3999,
3471.0000,3471.8000,3472.6001,3473.0000,3473.8000,3474.2000,3475.0000,3475.8000,3476.0000,3476.8000,3477.3999,3478.0000,3478.8000,3479.0000,3479.8000,
3480.3999,3481.0000,3481.8000,3482.0000,3482.8000,3483.3999,3484.0000,3484.8000,3485.0000,3485.8000,3486.3999,3487.0000,3487.8000,3488.2000,3489.3999,
3490.3999,3491.6001,3492.6001,3493.8000,3494.8000,3495.8000,3496.8000,3497.8000,3498.8000,3500.0000,3501.0000,3502.0000,3503.0000,3504.0000,3505.0000,
3505.8000,3506.6001,3507.0000,3508.0000,3508.8000,3509.6001,3510.0000,3511.0000,3511.8000,3512.6001,3513.2000,3514.0000,3514.8000,3515.6001,3516.2000,
3517.0000,3517.8000,3518.6001,3519.2000,3520.0000,3521.0000,3522.0000,3523.0000,3524.2000,3525.3999,3526.6001,3527.8000,3528.8000,3529.8000,3530.8000,
3531.8000,3533.0000,3534.0000,3535.0000,3536.0000,3536.8000,3537.0000,3537.8000,3538.2000,3538.8000,3539.2000,3539.8000,3540.2000,3540.8000,3541.2000,
3541.8000,3542.3999,3542.8000,3543.3999,3544.0000,3544.3999,3545.0000,3545.6001,3546.0000,3546.6001,3547.0000,3547.6001,3548.0000,3548.8000,3549.0000,
3549.8000,3550.0000,3550.8000,3551.0000,3551.8000,3552.0000,3553.0000,3554.0000,3555.0000,3556.0000,3557.0000,3557.8000,3558.8000,3559.8000,3560.8000,
3561.8000,3562.8000,3563.8000,3564.8000,3565.8000,3566.6001,3567.6001,3568.3999,3569.0000,3569.8000,3570.6001,3571.0000,3572.0000,3572.8000,3573.2000,
3574.0000,3574.8000,3575.6001,3576.0000,3576.8000,3577.8000,3578.2000,3579.0000,3579.8000,3580.3999,3581.0000,3581.8000,3582.6001,3583.0000,3584.0000,
3584.8000,3585.8000,3586.3999,3587.0000,3588.0000,3588.8000,3589.8000,3590.8000,3591.3999,3592.0000,3593.0000,3593.8000,3594.8000,3595.6001,3596.3999,
3597.0000,3598.0000,3598.8000,3599.8000,3600.3999,3601.0000,3601.8000,3602.0000,3602.8000,3603.3999,3604.0000,3604.6001,3605.0000,3605.8000,3606.2000,
3606.8000,3607.6001,3608.0000,3608.8000,3609.0000,3609.8000,3610.3999,3611.0000,3611.8000,3612.0000,3612.8000,3613.2000,3613.8000,3614.6001,3615.0000,
3615.8000,3616.0000,3616.8000,3617.3999,3618.0000,3618.6001,3619.0000,3619.8000,3620.0000,3620.8000,3621.2000,3621.8000,3622.3999,3623.0000,3623.6001,
3624.0000,3624.8000,3625.0000,3625.8000,3626.3999,3627.0000,3627.6001,3628.0000,3628.8000,3629.0000,3629.8000,3630.2000,3630.8000,3631.3999,3632.0000,
3632.8000,3633.3999,3634.0000,3634.8000,3635.6001,3636.0000,3637.0000,3637.8000,3638.3999,3639.0000,3639.8000,3640.6001,3641.0000,3642.0000,3642.8000,
3643.3999,3644.0000,3644.8000,3645.6001,3646.0000,3647.0000,3647.8000,3648.3999,3649.0000,3650.0000,3650.8000,3651.6001,3652.2000,3653.0000,3653.8000,
3654.8000,3655.3999,3656.0000,3657.0000,3657.8000,3658.6001,3659.0000,3660.0000,3660.8000,3661.8000,3662.2000,3663.0000,3663.8000,3664.8000,3665.8000,
3666.6001,3667.3999,3668.3999,3669.2000,3670.0000,3671.0000,3672.0000,3672.8000,3673.8000,3674.8000,3675.8000,3676.6001,3677.3999,3678.2000,3679.0000,
3680.0000,3680.8000,3681.6001,3682.0000,3683.0000,3683.8000,3684.3999,3685.0000,3685.8000,3686.6001,3687.0000,3688.0000,3688.8000,3689.2000,3690.0000,
3690.8000,3691.6001,3692.0000,3692.8000,3693.8000,3694.2000,3695.0000,3695.8000,3696.3999,3697.0000,3697.6001,3698.0000,3698.8000,3699.2000,3699.8000,
3700.3999,3701.0000,3701.6001,3702.0000,3702.8000,3703.2000,3703.8000,3704.3999,3705.0000,3705.8000,3706.0000,3706.8000,3707.2000,3707.8000,3708.3999,
3709.0000,3709.8000,3710.0000,3710.8000,3711.2000,3711.8000,3712.3999,3713.0000,3713.8000,3714.0000,3714.8000,3715.2000,3716.0000,3716.6001,3717.0000,
3717.8000,3718.0000,3718.8000,3719.3999,3720.0000,3720.6001,3721.0000,3721.8000,3722.2000,3722.8000,3723.3999,3724.0000,3724.8000,3725.0000,3725.8000,
3726.2000,3727.0000,3727.6001,3728.0000,3728.8000,3729.3999,3730.0000,3730.8000,3731.2000,3732.0000,3732.8000,3733.2000,3734.0000,3734.8000,3735.2000,
3736.0000,3736.8000,3737.0000,3737.8000,3738.6001,3739.0000,3739.8000,3740.6001,3741.0000,3741.8000,3742.6001,3743.0000,3743.8000,3744.3999,3745.0000,
3745.6001,3746.0000,3746.8000,3747.0000,3747.8000,3748.3999,3749.0000,3749.6001,3750.0000,3750.8000,3751.0000,3751.8000,3752.3999,3753.0000,3753.6001,
3754.0000,3754.8000,3755.0000,3755.8000,3756.2000,3756.8000,3757.6001,3758.0000,3758.8000,3759.0000,3759.8000,3760.2000,3761.0000,3761.6001,3762.0000,
3762.8000,3763.3999,3764.0000,3764.8000,3765.0000,3765.8000,3766.6001,3767.0000,3767.8000,3768.2000,3769.0000,3769.6001,3770.0000,3770.8000,3771.3999,
3772.0000,3772.8000,3773.0000,3773.8000,3774.6001,3775.0000,3775.8000,3776.2000,3777.0000,3777.8000,3778.0000,3778.8000,3779.6001,3780.0000,3780.8000,
3781.3999,3782.0000,3782.8000,3783.3999,3784.0000,3784.8000,3785.2000,3786.0000,3786.8000,3787.0000,3787.8000,3788.6001,3789.0000,3789.8000,3790.3999,
3791.0000,3791.8000,3792.2000,3792.8000,3793.6001,3794.0000,3794.8000,3795.0000,3795.8000,3796.2000,3796.8000,3797.3999,3798.0000,3798.8000,3799.0000,
3799.8000,3800.2000,3800.8000,3801.3999,3802.0000,3802.8000,3803.0000,3803.8000,3804.2000,3804.8000,3805.3999,3806.0000,3806.6001,3807.0000,3807.8000,
3808.0000,3808.8000,3809.3999,3810.0000,3810.8000,3811.0000,3811.8000,3812.2000,3812.8000,3813.6001,3814.0000,3814.8000,3815.0000,3815.8000,3816.2000,
3817.0000,3817.6001,3818.0000,3818.8000,3819.0000,3819.8000,3820.3999,3821.0000,3821.8000,3822.0000,3822.8000,3823.2000,3823.8000,3824.6001,3825.0000,
3825.8000,3826.8000,3827.0000,3828.0000,3828.8000,3829.2000,3830.0000,3830.8000,3831.3999,3832.0000,3832.8000,3833.3999,3834.0000,3834.8000,3835.6001,
3836.0000,3836.8000,3837.8000,3838.2000,3839.0000,3839.8000,3840.2000,3840.8000,3841.2000,3841.8000,3842.3999,3843.0000,3843.3999,3844.0000,3844.6001,
3845.0000,3845.6001,3846.0000,3846.8000,3847.0000,3847.8000,3848.0000,3848.8000,3849.0000,3849.8000,3850.0000,3850.8000,3851.2000,3851.8000,3852.2000,
3852.8000,3853.3999,3853.8000,3854.3999,3855.0000,3855.3999,3856.0000,3856.8000,3857.0000,3857.8000,3858.6001,3859.0000,3859.8000,3860.3999,3861.0000,
3861.8000,3862.2000,3862.8000,3863.6001,3864.0000,3864.8000,3865.3999,3866.0000,3866.8000,3867.2000,3868.0000,3868.8000,3869.0000,3869.8000,3870.6001,
3871.0000,3871.8000,3872.3999,3873.0000,3873.8000,3874.2000,3875.0000,3875.6001,3876.0000,3876.8000,3877.3999,3878.0000,3878.8000,3879.2000,3880.0000,
3880.8000,3881.0000,3881.8000,3882.6001,3883.0000,3883.8000,3884.2000,3885.0000,3885.8000,3886.0000,3886.8000,3887.6001,3888.0000,3888.8000,3889.2000,
3889.8000,3890.3999,3891.0000,3891.8000,3892.0000,3892.8000,3893.2000,3894.0000,3894.6001,3895.0000,3895.8000,3896.0000,3896.8000,3897.3999,3898.0000,
3898.6001,3899.0000,3899.8000,3900.2000,3900.8000,3901.3999,3902.0000,3902.8000,3903.0000,3903.8000,3904.2000,3904.8000,3905.3999,3906.0000,3906.6001,
3907.0000,3907.8000,3908.0000,3908.8000,3909.0000,3909.8000,3910.2000,3910.8000,3911.3999,3912.0000,3912.6001,3913.0000,3913.6001,3914.0000,3914.8000,
3915.0000,3915.8000,3916.2000,3916.8000,3917.3999,3918.0000,3918.3999,3919.0000,3919.6001,3920.0000,3920.8000,3921.0000,3921.8000,3922.0000,3922.8000,
3923.0000,3923.8000,3924.0000,3924.8000,3925.2000,3925.8000,3926.2000,3926.8000,3927.2000,3927.8000,3928.3999,3928.8000,3929.3999,3930.0000,3930.3999,
3931.0000,3931.6001,3932.0000,3932.6001,3933.0000,3933.6001,3934.0000,3934.8000,3935.0000,3935.8000,3936.0000,3936.8000,3937.0000,3937.8000,3938.2000,
3938.8000,3939.3999,3940.0000,3940.6001,3941.0000,3941.8000,3942.0000,3942.8000,3943.2000,3943.8000,3944.3999,3945.0000,3945.6001,3946.0000,3946.8000,
3947.0000,3947.8000,3948.2000,3948.8000,3949.3999,3950.0000,3950.6001,3951.0000,3951.8000,3952.0000,3952.8000,3953.6001,3954.0000,3955.0000,3955.8000,
3956.2000,3957.0000,3957.8000,3958.3999,3959.0000,3959.8000,3960.8000,3961.2000,3962.0000,3962.8000,3963.3999,3964.0000,3964.8000,3965.6001,3966.0000,
3967.0000,3967.8000,3968.2000,3968.8000,3969.3999,3970.0000,3970.3999,3971.0000,3971.6001,3972.0000,3972.8000,3973.0000,3973.8000,3974.0000,3974.8000,
3975.0000,3975.8000,3976.2000,3976.8000,3977.2000,3977.8000,3978.3999,3979.0000,3979.6001,3980.0000,3980.6001,3981.0000,3981.8000,3982.0000,3982.8000,
3983.0000,3983.8000,3984.0000,3984.8000,3985.0000,3985.8000,3986.0000,3986.8000,3987.0000,3987.8000,3988.0000,3988.8000,3989.0000,3989.8000,3990.0000,
3990.8000,3991.0000,3991.8000,3992.0000,3992.8000,3993.0000,3993.8000,3994.0000,3994.8000,3995.0000,3995.6001,3996.0000,3996.6001,3997.0000,3997.6001,
3998.0000,3998.6001,3999.0000,3999.6001,4000.0000,4000.6001,4001.0000,4001.8000,4002.2000,4003.0000,4003.6001,4004.0000,4004.8000,4005.2000,4006.0000,
4006.8000,4007.0000,4007.8000,4008.3999,4009.0000,4009.8000,4010.0000,4010.8000,4011.3999,4012.0000,4012.8000,4013.0000,4013.8000,4014.3999,4015.0000,
4015.8000,4016.0000,4016.8000,4017.3999,4018.0000,4018.8000,4019.0000,4019.8000,4020.3999,4021.0000,4021.8000,4022.0000,4022.8000,4023.3999,4024.0000,
4024.8000,4025.0000,4025.8000,4026.3999,4027.0000,4027.8000,4028.0000,4028.8000,4029.3999,4030.0000,4030.8000,4031.0000,4031.8000,4032.3999,4032.8000,
4033.2000,4033.8000,4034.0000,4034.8000,4035.0000,4035.8000,4036.0000,4036.6001,4037.0000,4037.3999,4037.8000,4038.3999,4038.8000,4039.2000,4039.8000,
4040.0000,4040.8000,4041.0000,4041.8000,4042.0000,4042.6001,4043.0000,4043.3999,4043.8000,4044.2000,4044.8000,4045.2000,4045.8000,4046.0000,4046.8000,
4047.0000,4047.6001,4048.0000,4049.0000,4050.2000,4051.8000,4053.0000,4054.2000,4055.8000,4057.0000,4058.0000,4059.8000,4060.8000,4062.0000,4063.60
};