const float ADC_LUT[4096] = { 0,
47.0000,50.8000,53.4000,56.0000,58.8000,61.2000,64.0000,65.0000,66.0000,67.0000,67.8000,68.8000,69.8000,70.8000,71.8000,
72.8000,73.8000,74.6000,75.6000,76.4000,77.4000,78.2000,79.2000,80.0000,81.2000,82.6000,83.8000,84.8000,85.8000,87.0000,
88.0000,89.0000,90.0000,91.4000,92.6000,93.8000,94.8000,95.8000,96.8000,98.0000,99.0000,100.0000,101.0000,102.2000,103.2000,
104.4000,105.6000,106.6000,107.8000,108.8000,109.8000,110.8000,112.0000,113.4000,115.0000,116.6000,118.0000,119.8000,121.2000,122.8000,
124.4000,126.0000,127.8000,129.0000,130.2000,131.6000,132.8000,134.0000,135.2000,136.8000,137.8000,139.0000,140.4000,141.8000,143.0000,    
144.0000,145.0000,146.0000,147.0000,148.0000,148.8000,149.8000,150.8000,151.8000,152.8000,153.8000,154.6000,155.4000,156.2000,157.2000,    
158.0000,159.0000,160.0000,161.2000,162.8000,164.0000,165.2000,166.8000,168.0000,169.2000,170.8000,172.0000,173.2000,174.8000,176.0000,    
177.0000,177.8000,178.8000,179.8000,180.8000,181.6000,182.4000,183.2000,184.0000,185.0000,186.0000,187.0000,187.8000,188.8000,189.8000,    
190.8000,191.6000,192.6000,194.0000,195.2000,196.8000,198.0000,199.2000,200.8000,202.0000,203.4000,204.8000,206.0000,207.6000,208.8000,    
209.8000,211.0000,212.0000,213.0000,214.0000,215.2000,216.4000,217.6000,218.8000,219.8000,220.8000,221.8000,223.0000,224.0000,225.0000,
226.4000,227.8000,228.8000,230.0000,231.0000,232.4000,233.8000,234.8000,236.0000,237.0000,238.2000,239.6000,240.8000,242.0000,243.2000,    
244.6000,245.8000,247.0000,248.2000,249.8000,250.8000,252.0000,253.4000,254.8000,256.0000,257.0000,258.0000,259.2000,260.6000,261.8000,    
262.8000,263.8000,265.0000,266.0000,267.0000,268.4000,269.6000,270.8000,271.8000,272.8000,273.8000,275.0000,276.0000,277.0000,278.0000,    
279.0000,280.2000,281.2000,282.4000,283.6000,284.6000,285.8000,286.8000,287.8000,288.8000,289.8000,291.0000,292.0000,293.0000,294.0000,    
295.2000,296.4000,297.6000,298.8000,299.8000,300.8000,301.8000,303.0000,304.0000,305.6000,307.0000,308.8000,310.6000,312.0000,313.8000,    
315.4000,317.0000,318.8000,320.2000,321.0000,322.0000,323.0000,324.0000,324.8000,325.8000,326.8000,327.8000,328.6000,329.4000,330.2000,
331.0000,332.0000,333.0000,334.0000,334.8000,335.8000,336.8000,337.8000,338.8000,339.8000,340.8000,341.8000,342.8000,343.8000,344.8000,    
345.8000,346.8000,347.8000,348.6000,349.6000,350.6000,351.6000,352.6000,353.8000,354.8000,356.0000,357.0000,358.2000,359.6000,360.8000,    
361.8000,363.0000,364.0000,365.0000,366.4000,367.8000,368.8000,370.0000,371.0000,372.2000,373.6000,374.8000,375.8000,377.0000,378.2000,    
379.4000,380.8000,381.8000,383.0000,384.0000,385.0000,386.0000,387.0000,388.0000,389.0000,390.0000,391.0000,392.0000,393.0000,394.0000,    
395.0000,396.0000,397.0000,398.0000,399.0000,400.0000,401.8000,403.0000,404.6000,405.8000,407.2000,408.8000,410.0000,411.8000,413.0000,    
414.6000,415.8000,417.0000,418.0000,419.0000,420.0000,421.0000,422.0000,423.0000,424.0000,425.0000,426.0000,427.0000,428.0000,429.0000,
430.0000,431.0000,432.0000,433.4000,434.6000,435.8000,436.8000,438.0000,439.0000,440.4000,441.6000,442.8000,443.8000,445.0000,446.0000,    
447.4000,448.6000,449.6000,450.6000,451.6000,452.6000,453.8000,454.8000,455.8000,456.8000,457.8000,458.8000,459.8000,460.8000,461.8000,    
462.8000,463.8000,464.8000,465.8000,467.0000,468.0000,469.4000,470.6000,471.8000,472.8000,474.0000,475.0000,476.4000,477.6000,478.8000,    
479.8000,481.0000,482.0000,483.0000,484.2000,485.4000,486.6000,487.8000,488.8000,489.8000,490.8000,492.0000,493.0000,494.0000,495.2000,    
496.4000,497.8000,498.8000,500.0000,501.0000,502.2000,503.6000,504.8000,505.8000,507.0000,508.0000,509.4000,510.8000,511.8000,513.0000,
514.6000,515.8000,517.0000,518.8000,520.0000,521.4000,522.8000,524.0000,525.8000,527.0000,528.2000,529.0000,530.0000,530.8000,531.8000,    
532.8000,533.6000,534.2000,535.0000,536.0000,536.8000,537.8000,538.8000,539.6000,540.2000,541.0000,542.0000,542.8000,543.8000,544.8000,    
546.0000,547.2000,548.8000,549.8000,551.0000,552.4000,553.8000,555.0000,556.0000,557.6000,558.8000,560.0000,561.4000,562.8000,564.2000,    
565.8000,567.0000,568.6000,570.0000,571.4000,572.8000,574.0000,575.8000,576.8000,578.0000,579.0000,580.0000,581.2000,582.4000,583.6000,    
584.8000,585.8000,586.8000,588.0000,589.0000,590.0000,591.2000,592.4000,593.2000,594.0000,595.0000,596.0000,597.0000,597.8000,598.8000,    
599.8000,600.8000,601.6000,602.4000,603.2000,604.0000,605.0000,606.0000,607.0000,607.8000,608.8000,609.4000,610.0000,611.0000,611.8000,
612.4000,613.0000,614.0000,614.8000,615.4000,616.0000,617.0000,617.8000,618.4000,619.0000,620.0000,620.8000,621.4000,622.0000,623.0000,    
623.8000,625.0000,627.8000,630.8000,633.8000,636.8000,639.6000,640.8000,641.8000,642.8000,643.6000,644.2000,645.0000,646.0000,647.0000,    
647.8000,648.8000,649.6000,650.4000,651.0000,652.0000,653.0000,653.8000,654.8000,655.8000,656.6000,657.6000,658.8000,659.8000,660.8000,    
661.8000,662.8000,663.8000,664.8000,665.8000,666.8000,667.8000,668.8000,670.0000,671.0000,672.0000,673.0000,674.0000,675.0000,676.0000,    
677.0000,678.0000,679.0000,680.0000,681.0000,682.0000,683.0000,684.0000,685.0000,686.0000,687.0000,688.0000,689.8000,691.0000,692.8000,    
694.0000,695.8000,697.2000,698.8000,700.2000,701.8000,703.2000,704.8000,706.0000,707.6000,708.8000,710.2000,711.8000,713.0000,714.4000,
715.8000,717.0000,718.6000,719.8000,721.0000,721.8000,722.8000,723.8000,724.8000,725.8000,726.8000,727.8000,728.8000,729.6000,730.6000,    
731.4000,732.4000,733.2000,734.2000,735.0000,736.0000,737.0000,738.2000,739.4000,740.4000,741.6000,742.6000,743.8000,744.8000,745.8000,    
746.8000,747.8000,748.8000,750.0000,751.0000,752.0000,753.0000,754.0000,755.2000,756.4000,757.4000,758.6000,759.8000,760.8000,761.8000,    
762.8000,764.0000,765.0000,766.0000,767.0000,768.2000,769.6000,770.8000,771.8000,773.0000,774.0000,775.4000,776.8000,777.8000,779.0000,    
780.0000,781.2000,782.6000,783.8000,785.0000,786.0000,787.6000,788.8000,790.0000,791.4000,792.8000,794.0000,795.4000,796.8000,798.0000,
799.2000,800.4000,801.0000,802.0000,802.8000,803.4000,804.0000,805.0000,805.8000,806.6000,807.0000,808.0000,808.8000,809.6000,810.0000,    
811.0000,811.8000,812.6000,813.0000,814.0000,814.8000,815.6000,816.2000,818.0000,819.8000,821.2000,823.0000,824.8000,826.2000,828.0000,    
829.8000,831.2000,832.8000,833.8000,835.0000,836.0000,837.2000,838.4000,839.8000,840.8000,841.8000,843.0000,844.0000,845.4000,846.6000,    
847.8000,848.8000,850.0000,851.4000,852.8000,854.0000,855.2000,856.8000,857.8000,859.0000,860.4000,861.8000,863.0000,864.0000,865.2000,    
866.2000,867.4000,868.4000,869.6000,870.8000,871.8000,872.8000,873.8000,874.8000,875.8000,876.8000,878.0000,879.0000,880.0000,881.0000,    
882.0000,883.0000,884.0000,885.0000,886.0000,887.0000,888.0000,889.0000,890.0000,891.0000,892.0000,893.0000,894.0000,895.0000,896.2000,
898.0000,899.8000,901.4000,903.0000,904.8000,906.6000,908.0000,909.8000,911.8000,912.8000,913.6000,914.2000,915.0000,916.0000,916.8000,    
917.8000,918.4000,919.0000,920.0000,920.8000,921.8000,922.4000,923.0000,924.0000,924.8000,925.8000,926.4000,927.0000,928.0000,929.2000,    
930.8000,932.0000,933.4000,934.8000,936.0000,937.6000,938.8000,940.0000,941.8000,943.0000,944.2000,945.2000,946.2000,947.2000,948.2000,    
949.2000,950.2000,951.2000,952.0000,953.0000,954.0000,955.0000,956.0000,957.0000,958.0000,959.0000,960.0000,961.0000,962.0000,963.0000,    
964.0000,965.0000,966.0000,966.8000,967.8000,968.8000,969.8000,970.8000,971.8000,972.8000,973.8000,974.8000,975.6000,976.6000,977.6000,    
978.8000,979.8000,980.8000,981.8000,982.8000,983.8000,984.8000,986.0000,987.0000,988.0000,989.0000,990.0000,991.0000,992.0000,993.8000,
995.0000,996.8000,998.2000,999.8000,1001.4000,1003.0000,1004.6000,1006.0000,1007.6000,1010.0000,1013.0000,1016.0000,1019.0000,1022.0000,1024.4000,
1025.2000,1026.0000,1027.0000,1027.8000,1028.8000,1029.6000,1030.2000,1031.0000,1032.0000,1032.8000,1033.8000,1034.6000,1035.4000,1036.0000,1037.0000,
1037.8000,1038.8000,1039.8000,1040.8000,1042.0000,1043.8000,1045.2000,1046.8000,1048.6000,1050.0000,1051.8000,1053.0000,1054.8000,1056.2000,1057.0000,
1058.0000,1059.0000,1060.0000,1061.0000,1062.0000,1062.8000,1063.8000,1064.8000,1065.8000,1066.8000,1067.6000,1068.6000,1069.4000,1070.4000,1071.2000,
1072.0000,1073.2000,1074.4000,1075.6000,1076.8000,1077.8000,1078.8000,1080.0000,1081.0000,1082.0000,1083.0000,1084.2000,1085.4000,1086.6000,1087.8000,
1088.8000,1090.6000,1092.0000,1093.8000,1095.0000,1096.8000,1098.2000,1099.8000,1101.6000,1103.0000,1104.4000,1105.0000,1105.8000,1106.8000,1107.4000,
1108.0000,1108.8000,1109.8000,1110.2000,1111.0000,1111.8000,1112.6000,1113.2000,1114.0000,1114.8000,1115.6000,1116.0000,1117.0000,1117.8000,1118.6000,
1119.0000,1120.0000,1121.8000,1124.0000,1126.2000,1128.6000,1130.8000,1133.0000,1135.4000,1136.8000,1138.0000,1139.0000,1140.0000,1141.0000,1142.0000,
1143.0000,1144.0000,1145.0000,1146.0000,1147.2000,1148.2000,1149.2000,1150.4000,1151.4000,1152.6000,1153.8000,1155.0000,1156.0000,1157.6000,1158.8000,
1160.0000,1161.0000,1162.4000,1163.8000,1165.0000,1166.0000,1167.4000,1168.6000,1169.2000,1170.0000,1171.0000,1171.8000,1172.8000,1173.6000,1174.4000,
1175.0000,1176.0000,1176.8000,1177.8000,1178.8000,1179.4000,1180.0000,1181.0000,1182.0000,1182.8000,1183.8000,1184.6000,1185.8000,1187.0000,1188.0000,
1189.4000,1190.8000,1191.8000,1193.0000,1194.0000,1195.6000,1196.8000,1197.8000,1199.0000,1200.2000,1201.0000,1202.0000,1203.0000,1204.0000,1205.0000,
1206.0000,1206.8000,1207.8000,1208.8000,1209.8000,1210.8000,1211.6000,1212.6000,1213.4000,1214.4000,1215.2000,1216.0000,1217.0000,1218.0000,1219.0000,
1220.0000,1220.8000,1221.8000,1222.8000,1223.8000,1224.8000,1225.6000,1226.4000,1227.4000,1228.2000,1229.0000,1230.0000,1231.0000,1232.0000,1233.0000,
1234.0000,1235.2000,1236.4000,1237.6000,1238.8000,1239.8000,1240.8000,1242.0000,1243.0000,1244.0000,1245.2000,1246.4000,1247.6000,1248.6000,1249.6000,
1250.6000,1251.6000,1252.4000,1253.4000,1254.4000,1255.2000,1256.2000,1257.2000,1258.0000,1259.0000,1260.0000,1261.0000,1262.0000,1263.0000,1264.0000,
1265.8000,1267.8000,1269.4000,1271.0000,1273.0000,1274.8000,1276.8000,1278.6000,1280.0000,1281.0000,1282.0000,1282.8000,1283.8000,1284.6000,1285.2000,
1286.0000,1287.0000,1288.0000,1288.8000,1289.8000,1290.6000,1291.2000,1292.0000,1293.0000,1293.8000,1294.8000,1295.8000,1296.6000,1297.8000,1298.8000,
1300.0000,1301.0000,1302.2000,1303.6000,1304.8000,1305.8000,1307.0000,1308.0000,1309.2000,1310.6000,1311.8000,1312.8000,1314.0000,1315.2000,1316.6000,
1317.8000,1318.8000,1320.0000,1321.2000,1322.6000,1323.8000,1324.8000,1326.0000,1327.0000,1328.4000,1329.6000,1330.6000,1331.8000,1332.8000,1333.8000,
1334.8000,1335.8000,1336.8000,1338.0000,1339.0000,1340.0000,1341.0000,1342.0000,1343.0000,1344.0000,1345.4000,1346.6000,1347.8000,1348.8000,1349.8000,
1350.8000,1352.0000,1353.0000,1354.0000,1355.2000,1356.4000,1357.6000,1358.8000,1359.8000,1360.8000,1362.0000,1363.4000,1364.8000,1365.8000,1367.0000,
1368.4000,1369.8000,1370.8000,1372.0000,1373.4000,1374.8000,1376.0000,1377.6000,1379.0000,1380.8000,1382.6000,1384.0000,1386.0000,1387.8000,1389.2000,
1391.0000,1392.4000,1393.0000,1394.0000,1394.8000,1395.8000,1396.8000,1397.4000,1398.0000,1399.0000,1399.8000,1400.8000,1401.6000,1402.2000,1403.0000,
1404.0000,1404.8000,1405.8000,1406.6000,1407.2000,1408.0000,1409.0000,1410.0000,1411.0000,1412.0000,1413.0000,1414.0000,1415.0000,1416.0000,1417.0000,
1418.0000,1419.0000,1420.0000,1421.0000,1422.0000,1423.0000,1424.0000,1425.6000,1426.8000,1428.2000,1429.8000,1431.0000,1432.6000,1433.8000,1435.2000,
1436.8000,1438.0000,1439.6000,1440.8000,1442.0000,1443.0000,1444.2000,1445.6000,1446.8000,1447.8000,1449.0000,1450.0000,1451.4000,1452.8000,1453.8000,
1455.0000,1456.0000,1457.0000,1457.8000,1458.8000,1459.8000,1460.6000,1461.4000,1462.0000,1463.0000,1464.0000,1464.8000,1465.8000,1466.8000,1467.6000,
1468.2000,1469.0000,1470.0000,1471.0000,1471.8000,1472.8000,1474.0000,1475.0000,1476.0000,1477.0000,1478.2000,1479.4000,1480.4000,1481.6000,1482.8000,
1483.8000,1484.8000,1486.0000,1487.0000,1488.0000,1489.4000,1490.8000,1492.0000,1493.4000,1494.8000,1496.0000,1497.4000,1498.8000,1500.0000,1501.2000,
1502.8000,1504.0000,1505.0000,1506.2000,1507.6000,1508.8000,1509.8000,1511.0000,1512.0000,1513.2000,1514.6000,1515.8000,1516.8000,1518.0000,1519.0000,
1520.2000,1521.0000,1522.0000,1523.0000,1524.0000,1525.0000,1526.0000,1527.0000,1528.0000,1529.0000,1530.0000,1531.0000,1532.0000,1533.0000,1534.0000,
1535.0000,1536.0000,1537.0000,1538.0000,1539.0000,1540.0000,1541.0000,1542.0000,1543.0000,1544.0000,1545.2000,1546.2000,1547.4000,1548.4000,1549.4000,
1550.6000,1551.6000,1552.8000,1553.8000,1554.8000,1555.8000,1556.8000,1558.0000,1559.0000,1560.0000,1561.0000,1562.2000,1563.2000,1564.4000,1565.6000,
1566.8000,1567.8000,1568.8000,1570.0000,1571.4000,1572.8000,1574.0000,1575.4000,1576.8000,1578.0000,1579.2000,1580.8000,1582.0000,1583.2000,1584.6000,
1585.4000,1586.0000,1587.0000,1588.0000,1589.0000,1589.8000,1590.8000,1591.8000,1592.6000,1593.4000,1594.2000,1595.0000,1596.0000,1597.0000,1597.8000,
1598.8000,1599.8000,1600.8000,1602.0000,1603.0000,1604.4000,1605.8000,1606.8000,1608.0000,1609.2000,1610.6000,1611.8000,1613.0000,1614.0000,1615.4000,
1616.8000,1617.8000,1619.0000,1620.0000,1621.6000,1622.8000,1623.8000,1625.0000,1626.2000,1627.6000,1628.8000,1630.0000,1631.0000,1632.4000,1633.4000,
1634.4000,1635.6000,1636.6000,1637.6000,1638.6000,1639.8000,1640.8000,1641.8000,1642.8000,1643.8000,1644.8000,1645.8000,1646.8000,1647.8000,1648.8000,
1650.0000,1651.2000,1652.6000,1653.8000,1654.8000,1656.0000,1657.0000,1658.4000,1659.8000,1660.8000,1662.0000,1663.0000,1664.4000,1665.6000,1666.6000,
1667.8000,1668.8000,1669.8000,1670.8000,1672.0000,1673.0000,1674.0000,1675.0000,1676.2000,1677.4000,1678.4000,1679.6000,1680.8000,1682.4000,1684.0000,
1685.6000,1687.0000,1688.8000,1690.0000,1691.8000,1693.2000,1694.8000,1696.2000,1697.0000,1698.0000,1699.0000,1700.0000,1701.0000,1701.8000,1702.8000,
1703.8000,1704.8000,1705.8000,1706.6000,1707.6000,1708.4000,1709.2000,1710.2000,1711.0000,1712.0000,1713.0000,1714.0000,1715.0000,1716.0000,1717.2000,
1718.2000,1719.2000,1720.4000,1721.4000,1722.4000,1723.6000,1724.6000,1725.6000,1726.8000,1727.8000,1728.8000,1729.8000,1730.8000,1731.8000,1732.8000,
1734.0000,1735.0000,1736.0000,1737.0000,1738.0000,1739.0000,1740.2000,1741.4000,1742.4000,1743.6000,1744.8000,1745.8000,1747.0000,1748.0000,1749.2000,
1750.4000,1751.8000,1752.8000,1754.0000,1755.0000,1756.2000,1757.6000,1758.8000,1759.8000,1761.0000,1762.0000,1763.4000,1764.8000,1765.8000,1767.0000,
1768.0000,1769.4000,1770.8000,1771.8000,1773.0000,1774.0000,1775.2000,1776.4000,1777.0000,1778.0000,1778.8000,1779.4000,1780.0000,1781.0000,1781.8000,
1782.6000,1783.2000,1784.0000,1784.8000,1785.6000,1786.2000,1787.0000,1787.8000,1788.8000,1789.2000,1790.0000,1790.8000,1791.8000,1792.6000,1793.8000,
1794.8000,1796.0000,1797.2000,1798.6000,1799.8000,1800.8000,1802.0000,1803.2000,1804.6000,1805.8000,1806.8000,1808.0000,1809.0000,1810.0000,1811.0000,
1812.0000,1813.0000,1814.0000,1815.0000,1816.0000,1817.0000,1818.0000,1819.0000,1820.0000,1821.0000,1822.0000,1822.8000,1823.8000,1825.0000,1826.0000,
1827.0000,1828.0000,1829.2000,1830.4000,1831.6000,1832.8000,1833.8000,1834.8000,1835.8000,1837.0000,1838.0000,1839.0000,1840.0000,1841.4000,1842.8000,
1843.8000,1845.0000,1846.0000,1847.2000,1848.6000,1849.8000,1850.8000,1852.0000,1853.0000,1854.4000,1855.8000,1857.0000,1858.8000,1860.2000,1862.0000,
1863.8000,1865.2000,1867.0000,1868.8000,1870.2000,1872.0000,1873.0000,1874.0000,1874.8000,1875.8000,1876.8000,1877.8000,1878.8000,1879.8000,1880.6000,
1881.6000,1882.4000,1883.4000,1884.2000,1885.2000,1886.0000,1887.0000,1888.0000,1889.6000,1891.0000,1892.8000,1894.0000,1895.8000,1897.0000,1898.8000,
1900.0000,1901.8000,1903.0000,1904.6000,1905.2000,1906.0000,1906.8000,1907.8000,1908.4000,1909.0000,1910.0000,1910.8000,1911.8000,1912.4000,1913.0000,
1914.0000,1914.8000,1915.8000,1916.4000,1917.0000,1918.0000,1918.8000,1919.6000,1920.4000,1921.4000,1922.6000,1923.6000,1924.8000,1925.8000,1926.8000,
1927.8000,1928.8000,1929.8000,1930.8000,1931.8000,1933.0000,1934.0000,1935.0000,1936.0000,1937.6000,1939.0000,1940.4000,1941.8000,1943.4000,1944.8000,
1946.2000,1947.8000,1949.0000,1950.8000,1952.0000,1953.0000,1954.0000,1955.0000,1956.0000,1957.0000,1958.0000,1959.0000,1960.0000,1961.0000,1962.0000,
1963.0000,1964.0000,1965.0000,1966.0000,1967.0000,1967.8000,1969.0000,1970.0000,1971.0000,1972.0000,1973.2000,1974.2000,1975.4000,1976.6000,1977.8000,
1978.8000,1979.8000,1980.8000,1981.8000,1983.0000,1984.0000,1985.4000,1986.8000,1988.0000,1989.8000,1991.0000,1992.2000,1993.8000,1995.0000,1996.6000,
1998.0000,1999.2000,2000.8000,2001.8000,2002.8000,2003.8000,2004.8000,2005.8000,2006.8000,2007.8000,2008.8000,2009.8000,2010.8000,2011.8000,2012.8000,
2013.8000,2014.8000,2015.8000,2017.0000,2018.8000,2020.8000,2022.8000,2024.8000,2026.8000,2028.6000,2030.4000,2032.0000,2032.8000,2033.0000,2033.4000,
2033.8000,2034.0000,2034.6000,2034.8000,2035.2000,2035.8000,2036.0000,2036.4000,2036.8000,2037.0000,2037.6000,2038.0000,2038.2000,2038.8000,2039.0000,
2039.4000,2039.8000,2040.0000,2040.8000,2041.0000,2041.2000,2041.8000,2042.0000,2042.6000,2042.8000,2043.0000,2043.8000,2044.0000,2044.4000,2044.8000,
2045.0000,2045.6000,2046.0000,2046.2000,2046.8000,2047.0000,2047.4000,2047.8000,2048.0000,2049.2000,2050.6001,2051.8000,2052.8000,2054.0000,2055.0000,
2056.3999,2057.8000,2058.8000,2059.8000,2061.0000,2062.0000,2063.3999,2064.8000,2065.8000,2067.0000,2068.2000,2069.6001,2070.8000,2072.0000,2073.0000,
2074.3999,2075.8000,2076.8000,2078.0000,2079.2000,2080.8000,2081.8000,2083.0000,2084.0000,2085.2000,2086.6001,2087.8000,2088.8000,2090.0000,2091.0000,
2092.3999,2093.6001,2094.8000,2096.0000,2097.0000,2098.0000,2099.0000,2100.0000,2101.0000,2102.0000,2103.2000,2104.2000,2105.3999,2106.3999,2107.6001,
2108.8000,2109.8000,2110.8000,2111.8000,2113.0000,2114.6001,2116.0000,2117.3999,2118.8000,2120.3999,2121.8000,2123.2000,2124.8000,2126.2000,2127.8000,
2128.8000,2129.8000,2130.3999,2131.0000,2132.0000,2132.8000,2133.8000,2134.3999,2135.0000,2136.0000,2136.8000,2137.8000,2138.3999,2139.0000,2140.0000,
2140.8000,2141.8000,2142.3999,2143.0000,2144.0000,2145.0000,2146.6001,2147.8000,2149.0000,2150.6001,2151.8000,2153.0000,2154.3999,2155.8000,2157.0000,
2158.3999,2159.8000,2161.0000,2162.0000,2163.0000,2164.0000,2165.2000,2166.3999,2167.6001,2168.6001,2169.8000,2170.8000,2171.8000,2173.0000,2174.0000,
2175.0000,2176.0000,2177.6001,2178.8000,2180.0000,2181.3999,2182.8000,2184.0000,2185.2000,2186.8000,2187.8000,2189.0000,2190.6001,2191.8000,2192.8000,
2193.6001,2194.2000,2195.0000,2195.8000,2196.8000,2197.2000,2198.0000,2198.8000,2199.8000,2200.3999,2201.0000,2202.0000,2202.8000,2203.6001,2204.2000,
2205.0000,2205.8000,2206.8000,2207.3999,2208.0000,2210.0000,2211.8000,2213.8000,2215.3999,2217.0000,2219.0000,2220.8000,2222.8000,2224.2000,2225.6001,
2226.8000,2227.8000,2228.8000,2230.0000,2231.0000,2232.2000,2233.3999,2234.8000,2235.8000,2236.8000,2238.0000,2239.0000,2240.2000,2241.3999,2242.6001,
2243.8000,2244.8000,2245.8000,2246.8000,2248.0000,2249.0000,2250.0000,2251.2000,2252.3999,2253.6001,2254.8000,2255.8000,2256.8000,2258.0000,2259.0000,
2260.2000,2261.3999,2262.8000,2263.8000,2264.8000,2266.0000,2267.0000,2268.3999,2269.6001,2270.8000,2271.8000,2273.0000,2274.0000,2275.0000,2276.0000,
2277.0000,2278.0000,2279.0000,2280.0000,2281.0000,2282.0000,2283.0000,2284.2000,2285.2000,2286.2000,2287.3999,2288.3999,2289.0000,2290.0000,2291.0000,
2291.8000,2292.8000,2293.8000,2294.6001,2295.3999,2296.0000,2297.0000,2298.0000,2298.8000,2299.8000,2300.8000,2301.6001,2302.3999,2303.0000,2304.0000,
2305.0000,2306.0000,2307.0000,2308.2000,2309.2000,2310.3999,2311.3999,2312.6001,2313.6001,2314.8000,2315.8000,2316.8000,2317.8000,2318.8000,2319.8000,
2321.0000,2322.0000,2323.0000,2324.3999,2325.6001,2326.8000,2327.8000,2329.0000,2330.0000,2331.2000,2332.3999,2333.6001,2334.8000,2335.8000,2336.8000,
2337.8000,2338.8000,2339.8000,2340.6001,2341.3999,2342.2000,2343.0000,2344.0000,2345.0000,2346.0000,2347.0000,2347.8000,2348.8000,2349.8000,2350.8000,
2351.6001,2352.6001,2354.0000,2355.2000,2356.8000,2358.0000,2359.3999,2360.8000,2362.0000,2363.8000,2365.0000,2366.2000,2367.8000,2369.0000,2370.0000,
2371.2000,2372.6001,2373.8000,2374.8000,2376.0000,2377.0000,2378.3999,2379.8000,2380.8000,2382.0000,2383.0000,2384.2000,2385.3999,2386.8000,2387.8000,
2388.8000,2390.0000,2391.0000,2392.0000,2393.2000,2394.6001,2395.8000,2396.8000,2397.8000,2399.0000,2400.0000,2401.6001,2403.0000,2404.6001,2406.0000,
2407.3999,2409.0000,2410.3999,2411.8000,2413.3999,2414.8000,2416.2000,2417.0000,2418.0000,2419.0000,2419.8000,2420.8000,2421.8000,2422.8000,2423.3999,
2424.2000,2425.0000,2426.0000,2427.0000,2428.0000,2428.8000,2429.8000,2430.8000,2431.6001,2432.6001,2433.8000,2435.0000,2436.2000,2437.8000,2438.8000,
2440.0000,2441.3999,2442.8000,2443.8000,2445.0000,2446.3999,2447.8000,2448.8000,2449.8000,2450.8000,2451.8000,2452.8000,2453.8000,2454.8000,2456.0000,
2457.0000,2458.0000,2459.0000,2460.0000,2461.0000,2462.0000,2463.0000,2464.0000,2465.3999,2466.8000,2468.0000,2469.8000,2471.0000,2472.3999,2473.8000,
2475.0000,2476.8000,2478.0000,2479.3999,2480.8000,2481.8000,2482.8000,2483.8000,2484.8000,2485.8000,2486.8000,2487.8000,2488.8000,2490.0000,2491.0000,
2492.0000,2493.0000,2494.0000,2495.0000,2496.0000,2497.0000,2498.0000,2499.0000,2500.0000,2501.0000,2502.0000,2503.0000,2504.0000,2505.0000,2506.0000,
2507.0000,2508.0000,2509.0000,2510.0000,2511.0000,2511.8000,2513.0000,2514.0000,2515.3999,2516.8000,2517.8000,2519.0000,2520.0000,2521.2000,2522.6001,
2523.8000,2524.8000,2526.0000,2527.0000,2528.3999,2529.8000,2531.2000,2532.8000,2534.0000,2535.6001,2537.0000,2538.3999,2539.8000,2541.0000,2542.8000,
2544.0000,2545.0000,2546.0000,2547.0000,2547.8000,2548.8000,2549.8000,2550.8000,2551.8000,2552.8000,2553.6001,2554.6001,2555.3999,2556.3999,2557.2000,
2558.2000,2559.0000,2560.0000,2561.0000,2562.2000,2563.3999,2564.6001,2565.8000,2566.8000,2567.8000,2568.8000,2570.0000,2571.0000,2572.0000,2573.0000,
2574.2000,2575.3999,2576.8000,2577.8000,2579.0000,2580.0000,2581.3999,2582.8000,2583.8000,2585.0000,2586.0000,2587.3999,2588.8000,2589.8000,2591.0000,
2592.0000,2593.6001,2594.8000,2596.0000,2597.0000,2598.3999,2599.8000,2601.0000,2602.0000,2603.3999,2604.8000,2605.8000,2607.0000,2608.2000,2609.8000,
2611.0000,2612.3999,2613.8000,2615.0000,2616.6001,2617.8000,2619.0000,2620.6001,2621.8000,2623.2000,2624.3999,2625.2000,2626.0000,2626.8000,2627.8000,
2628.6001,2629.2000,2630.0000,2631.0000,2631.8000,2632.6001,2633.2000,2634.0000,2635.0000,2635.8000,2636.8000,2637.3999,2638.0000,2639.0000,2639.8000,
2641.0000,2642.3999,2644.0000,2645.3999,2647.0000,2648.3999,2649.8000,2651.3999,2652.8000,2654.3999,2655.8000,2657.0000,2658.0000,2659.3999,2660.6001,
2661.8000,2662.8000,2664.0000,2665.0000,2666.0000,2667.3999,2668.6001,2669.8000,2670.8000,2672.0000,2673.0000,2674.0000,2675.0000,2676.0000,2677.0000,
2678.0000,2679.0000,2680.0000,2681.0000,2682.2000,2683.2000,2684.2000,2685.3999,2686.3999,2687.3999,2688.8000,2690.2000,2692.0000,2693.8000,2695.3999,
2697.0000,2698.8000,2700.6001,2702.0000,2704.0000,2704.8000,2705.8000,2706.3999,2707.0000,2708.0000,2708.8000,2709.8000,2710.2000,2711.0000,2711.8000,
2712.8000,2713.6001,2714.0000,2715.0000,2715.8000,2716.8000,2717.3999,2718.0000,2719.0000,2719.8000,2720.8000,2721.8000,2723.0000,2724.0000,2725.2000,
2726.6001,2727.8000,2728.8000,2730.0000,2731.0000,2732.2000,2733.6001,2734.8000,2735.8000,2736.8000,2737.8000,2738.8000,2739.6001,2740.3999,2741.2000,
2742.0000,2743.0000,2744.0000,2744.8000,2745.8000,2746.8000,2747.6001,2748.3999,2749.2000,2750.0000,2751.0000,2752.0000,2753.0000,2754.6001,2755.8000,
2757.0000,2758.6001,2759.8000,2761.0000,2762.3999,2763.8000,2765.0000,2766.2000,2767.8000,2768.8000,2769.8000,2771.0000,2772.0000,2773.0000,2774.0000,
2775.2000,2776.3999,2777.6001,2778.8000,2779.8000,2780.8000,2781.8000,2783.0000,2784.0000,2785.0000,2786.0000,2787.0000,2788.0000,2789.0000,2790.0000,
2791.0000,2792.0000,2793.0000,2794.0000,2795.0000,2796.0000,2797.0000,2798.0000,2799.0000,2800.0000,2801.2000,2802.8000,2803.8000,2805.0000,2806.2000,
2807.8000,2808.8000,2810.0000,2811.2000,2812.8000,2813.8000,2815.0000,2816.2000,2817.6001,2818.8000,2819.8000,2821.0000,2822.0000,2823.2000,2824.6001,
2825.8000,2826.8000,2828.0000,2829.0000,2830.2000,2831.6001,2832.8000,2834.8000,2836.3999,2838.0000,2840.0000,2841.8000,2843.6001,2845.2000,2847.0000,
2848.6001,2849.2000,2850.0000,2851.0000,2851.8000,2852.8000,2853.6001,2854.2000,2855.0000,2856.0000,2856.8000,2857.8000,2858.3999,2859.0000,2860.0000,
2860.8000,2861.8000,2862.6001,2863.2000,2864.0000,2865.0000,2866.0000,2867.0000,2868.0000,2869.2000,2870.2000,2871.2000,2872.2000,2873.2000,2874.3999,
2875.3999,2876.3999,2877.3999,2878.3999,2879.6001,2880.6001,2881.8000,2882.8000,2883.8000,2884.8000,2885.8000,2887.0000,2888.0000,2889.0000,2890.0000,
2891.0000,2892.2000,2893.2000,2894.3999,2895.6001,2896.6001,2897.2000,2898.0000,2899.0000,2899.8000,2900.8000,2901.6001,2902.2000,2903.0000,2904.0000,
2904.8000,2905.8000,2906.6001,2907.2000,2908.0000,2909.0000,2909.8000,2910.8000,2911.6001,2912.3999,2913.2000,2914.0000,2915.0000,2916.0000,2917.0000,
2918.0000,2919.0000,2919.8000,2920.8000,2921.8000,2922.8000,2923.8000,2924.6001,2925.6001,2926.3999,2927.2000,2928.2000,2929.8000,2931.0000,2932.6001,
2934.0000,2935.3999,2936.8000,2938.0000,2939.8000,2941.0000,2942.3999,2943.8000,2945.0000,2946.3999,2947.8000,2949.0000,2950.0000,2951.6001,2952.8000,
2954.0000,2955.2000,2956.8000,2957.8000,2959.0000,2960.3999,2961.3999,2962.6001,2963.6001,2964.6001,2965.8000,2966.8000,2967.8000,2968.8000,2969.8000,
2970.8000,2971.8000,2972.8000,2974.0000,2975.0000,2976.0000,2976.8000,2977.8000,2978.6001,2979.2000,2980.0000,2981.0000,2981.8000,2982.8000,2983.6001,
2984.2000,2985.0000,2986.0000,2986.8000,2987.8000,2988.3999,2989.0000,2990.0000,2990.8000,2991.8000,2992.8000,2994.8000,2996.2000,2998.0000,2999.8000,
3001.6001,3003.0000,3004.8000,3006.8000,3008.2000,3009.2000,3010.2000,3011.3999,3012.3999,3013.6001,3014.6001,3015.6001,3016.8000,3017.8000,3018.8000,
3019.8000,3020.8000,3021.8000,3022.8000,3023.8000,3024.8000,3025.8000,3026.3999,3027.0000,3028.0000,3028.8000,3029.8000,3030.6001,3031.2000,3032.0000,
3033.0000,3033.8000,3034.8000,3035.3999,3036.2000,3037.0000,3038.0000,3038.8000,3039.8000,3040.6001,3042.0000,3043.3999,3044.8000,3046.2000,3047.8000,
3049.0000,3050.8000,3052.0000,3053.6001,3055.0000,3056.6001,3059.0000,3061.2000,3063.8000,3066.0000,3068.6001,3070.8000,3072.8000,3073.8000,3074.8000,
3075.8000,3076.8000,3077.8000,3078.8000,3079.8000,3080.8000,3081.8000,3082.6001,3083.6001,3084.6001,3085.6001,3086.6001,3087.6001,3088.6001,3089.8000,
3091.0000,3092.0000,3093.2000,3094.6001,3095.8000,3096.8000,3098.0000,3099.2000,3100.3999,3101.8000,3102.8000,3104.0000,3105.0000,3105.8000,3106.8000,
3107.8000,3108.8000,3109.8000,3110.6001,3111.3999,3112.3999,3113.2000,3114.0000,3115.0000,3116.0000,3117.0000,3117.8000,3118.8000,3119.8000,3120.8000,
3122.0000,3123.6001,3124.8000,3126.0000,3127.3999,3128.8000,3130.0000,3131.2000,3132.8000,3134.0000,3135.0000,3136.3999,3137.2000,3138.0000,3139.0000,
3139.8000,3140.8000,3141.3999,3142.0000,3143.0000,3143.8000,3144.8000,3145.6001,3146.2000,3147.0000,3148.0000,3148.8000,3149.8000,3150.6001,3151.2000,
3152.0000,3153.0000,3154.0000,3155.0000,3156.0000,3157.0000,3158.0000,3159.0000,3160.0000,3161.0000,3162.0000,3163.0000,3164.0000,3164.8000,3165.8000,
3166.8000,3167.8000,3168.8000,3170.0000,3171.0000,3172.0000,3173.0000,3174.0000,3175.0000,3176.0000,3177.0000,3178.2000,3179.2000,3180.3999,3181.3999,
3182.6001,3183.6001,3184.6001,3185.3999,3186.3999,3187.2000,3188.0000,3189.0000,3190.0000,3191.0000,3191.8000,3192.8000,3193.8000,3194.8000,3195.8000,
3196.6001,3197.3999,3198.2000,3199.2000,3200.0000,3201.0000,3202.2000,3203.3999,3204.3999,3205.6001,3206.6001,3207.8000,3208.8000,3209.8000,3210.8000,
3211.8000,3212.8000,3214.0000,3215.0000,3216.0000,3217.6001,3219.0000,3220.6001,3222.0000,3223.6001,3225.0000,3226.6001,3228.0000,3229.6001,3231.0000,
3232.3999,3233.0000,3234.0000,3234.8000,3235.8000,3236.8000,3237.3999,3238.0000,3239.0000,3240.0000,3240.8000,3241.8000,3242.3999,3243.2000,3244.0000,
3245.0000,3245.8000,3246.8000,3247.6001,3248.2000,3249.0000,3250.0000,3250.8000,3251.8000,3252.6001,3253.2000,3254.0000,3255.0000,3255.8000,3256.8000,
3257.3999,3258.2000,3259.0000,3260.0000,3260.8000,3261.8000,3262.3999,3263.2000,3264.0000,3264.8000,3265.8000,3266.3999,3267.0000,3268.0000,3268.8000,
3269.8000,3270.2000,3271.0000,3271.8000,3272.8000,3273.3999,3274.0000,3275.0000,3275.8000,3276.8000,3277.2000,3278.0000,3278.8000,3279.8000,3280.6001,
3281.6001,3282.6001,3283.6001,3284.8000,3285.8000,3286.8000,3287.8000,3288.8000,3289.8000,3290.8000,3291.8000,3292.8000,3293.8000,3294.8000,3295.8000,
3296.6001,3297.2000,3298.0000,3298.8000,3299.6001,3300.2000,3301.0000,3301.8000,3302.6001,3303.2000,3304.0000,3304.8000,3305.6001,3306.2000,3307.0000,
3307.8000,3308.6001,3309.2000,3310.0000,3310.8000,3311.6001,3312.2000,3313.8000,3315.0000,3316.8000,3318.0000,3319.8000,3321.0000,3322.8000,3324.0000,
3325.6001,3327.0000,3328.2000,3329.0000,3329.8000,3330.2000,3331.0000,3331.8000,3332.2000,3333.0000,3333.8000,3334.2000,3335.0000,3335.8000,3336.2000,
3337.0000,3337.8000,3338.2000,3339.0000,3339.8000,3340.2000,3341.0000,3341.8000,3342.2000,3343.0000,3343.8000,3344.6001,3345.8000,3347.2000,3348.8000,
3350.0000,3351.3999,3352.8000,3354.0000,3355.8000,3357.0000,3358.3999,3359.8000,3360.8000,3361.3999,3362.0000,3362.8000,3363.6001,3364.0000,3364.8000,
3365.8000,3366.2000,3367.0000,3367.8000,3368.3999,3369.0000,3369.8000,3370.6001,3371.0000,3372.0000,3372.8000,3373.2000,3374.0000,3374.8000,3375.3999,
3376.0000,3377.0000,3378.0000,3378.8000,3379.8000,3380.8000,3381.6001,3382.3999,3383.2000,3384.0000,3385.0000,3386.0000,3387.0000,3387.8000,3388.8000,
3389.8000,3390.8000,3391.6001,3392.2000,3393.0000,3393.8000,3394.3999,3395.0000,3395.8000,3396.6001,3397.0000,3398.0000,3398.8000,3399.2000,3400.0000,
3400.8000,3401.3999,3402.0000,3402.8000,3403.6001,3404.0000,3405.0000,3405.8000,3406.2000,3407.0000,3407.8000,3408.6001,3409.2000,3410.0000,3410.8000,
3411.8000,3412.3999,3413.0000,3414.0000,3414.8000,3415.6001,3416.2000,3417.0000,3417.8000,3418.8000,3419.3999,3420.0000,3421.0000,3421.8000,3422.8000,
3423.2000,3424.0000,3424.8000,3425.8000,3426.3999,3427.0000,3428.0000,3428.8000,3429.3999,3430.0000,3431.0000,3431.8000,3432.3999,3433.0000,3434.0000,
3434.8000,3435.6001,3436.0000,3437.0000,3437.8000,3438.6001,3439.0000,3440.0000,3440.8000,3441.3999,3442.0000,3442.8000,3443.8000,3444.2000,3445.0000,
3445.8000,3446.3999,3447.0000,3447.8000,3448.8000,3449.2000,3450.0000,3450.8000,3451.3999,3452.0000,3452.8000,3453.8000,3454.2000,3455.0000,3455.8000,
3456.6001,3457.3999,3458.2000,3459.2000,3460.0000,3461.0000,3462.0000,3463.0000,3464.0000,3464.8000,3465.8000,3466.8000,3467.8000,3468.8000,3469.6001,
3470.6001,3471.3999,3472.2000,3473.0000,3474.0000,3474.8000,3475.8000,3476.6001,3477.3999,3478.0000,3479.0000,3480.0000,3480.8000,3481.8000,3482.3999,
3483.2000,3484.0000,3485.0000,3485.8000,3486.8000,3487.6001,3488.2000,3489.0000,3489.8000,3490.8000,3491.3999,3492.0000,3493.0000,3493.8000,3494.6001,
3495.2000,3496.0000,3496.8000,3497.8000,3498.2000,3499.0000,3499.8000,3500.8000,3501.3999,3502.0000,3503.0000,3503.8000,3504.6001,3505.0000,3505.8000,
3506.3999,3507.0000,3507.8000,3508.3999,3509.0000,3509.8000,3510.3999,3511.0000,3511.8000,3512.2000,3513.0000,3513.8000,3514.2000,3515.0000,3515.8000,
3516.2000,3517.0000,3517.8000,3518.0000,3518.8000,3519.6001,3520.0000,3521.0000,3522.0000,3522.8000,3523.8000,3524.8000,3525.6001,3526.3999,3527.2000,
3528.0000,3529.0000,3530.0000,3530.8000,3531.8000,3532.8000,3533.6001,3534.3999,3535.2000,3536.0000,3536.8000,3537.8000,3538.2000,3539.0000,3539.8000,
3540.6001,3541.0000,3541.8000,3542.8000,3543.2000,3544.0000,3544.8000,3545.6001,3546.0000,3547.0000,3547.8000,3548.2000,3549.0000,3549.8000,3550.6001,
3551.0000,3552.0000,3552.8000,3553.8000,3554.6001,3555.3999,3556.2000,3557.0000,3558.0000,3559.0000,3559.8000,3560.8000,3561.8000,3562.6001,3563.3999,
3564.2000,3565.0000,3566.0000,3567.0000,3567.8000,3568.6001,3569.0000,3569.6001,3570.0000,3570.6001,3571.0000,3571.6001,3572.0000,3572.6001,3573.0000,
3573.6001,3574.0000,3574.6001,3575.0000,3575.6001,3576.0000,3576.6001,3577.0000,3577.6001,3578.0000,3578.6001,3579.0000,3579.6001,3580.0000,3580.6001,
3581.0000,3581.6001,3582.0000,3582.6001,3583.0000,3583.6001,3584.0000,3584.8000,3585.8000,3586.8000,3587.6001,3588.6001,3589.3999,3590.3999,3591.2000,
3592.2000,3593.0000,3594.0000,3595.0000,3596.0000,3597.0000,3598.0000,3598.8000,3599.8000,3600.8000,3601.0000,3601.8000,3602.3999,3603.0000,3603.8000,
3604.0000,3604.8000,3605.6001,3606.0000,3606.8000,3607.2000,3607.8000,3608.6001,3609.0000,3609.8000,3610.2000,3611.0000,3611.8000,3612.000 
,3612.8000,
3613.3999,3614.0000,3614.8000,3615.0000,3615.8000,3616.8000,3617.6001,3618.3999,3619.2000,3620.0000,3621.0000,3622.0000,3623.0000,3623.8000,3624.8000,
3625.8000,3626.8000,3627.6001,3628.6001,3629.3999,3630.2000,3631.0000,3632.0000,3632.8000,3633.3999,3634.0000,3634.8000,3635.3999,3636.0000,3636.8000,
3637.2000,3638.0000,3638.8000,3639.2000,3640.0000,3640.8000,3641.0000,3641.8000,3642.6001,3643.0000,3643.8000,3644.3999,3645.0000,3645.8000,3646.3999,
3647.0000,3647.8000,3648.2000,3649.0000,3649.8000,3650.3999,3651.0000,3651.8000,3652.6001,3653.0000,3653.8000,3654.8000,3655.2000,3656.0000,3656.8000,
3657.2000,3658.0000,3658.8000,3659.3999,3660.0000,3660.8000,3661.6001,3662.0000,3662.8000,3663.6001,3664.0000,3665.0000,3665.8000,3666.3999,3667.0000,
3668.0000,3668.8000,3669.3999,3670.0000,3670.8000,3671.8000,3672.2000,3673.0000,3673.8000,3674.6001,3675.0000,3676.0000,3676.8000,3677.3999,3678.0000,
3679.0000,3679.8000,3680.2000,3680.8000,3681.3999,3682.0000,3682.6001,3683.0000,3683.8000,3684.0000,3684.8000,3685.0000,3685.8000,3686.2000,3686.8000,
3687.3999,3688.0000,3688.6001,3689.0000,3689.6001,3690.0000,3690.8000,3691.0000,3691.8000,3692.2000,3692.8000,3693.2000,3693.8000,3694.3999,3695.0000,
3695.6001,3696.0000,3696.8000,3697.3999,3698.0000,3698.8000,3699.3999,3700.0000,3700.8000,3701.3999,3702.0000,3702.8000,3703.3999,3704.0000,3704.8000,
3705.3999,3706.0000,3706.8000,3707.3999,3708.0000,3708.8000,3709.3999,3710.0000,3710.8000,3711.3999,3712.0000,3713.0000,3714.0000,3715.0000,3715.8000,
3716.8000,3717.8000,3718.8000,3719.8000,3720.8000,3721.6001,3722.6001,3723.3999,3724.3999,3725.2000,3726.2000,3727.0000,3728.0000,3728.8000,3729.0000,
3729.8000,3730.0000,3730.8000,3731.2000,3731.8000,3732.2000,3732.8000,3733.2000,3733.8000,3734.3999,3734.8000,3735.3999,3735.8000,3736.3999,3737.0000,
3737.3999,3738.0000,3738.6001,3739.0000,3739.6001,3740.0000,3740.6001,3741.0000,3741.6001,3742.0000,3742.8000,3743.0000,3743.8000,3744.0000,3744.8000,
3745.6001,3746.0000,3746.8000,3747.8000,3748.2000,3749.0000,3749.8000,3750.3999,3751.0000,3751.8000,3752.6001,3753.0000,3754.0000,3754.8000,3755.2000,
3756.0000,3756.8000,3757.3999,3758.0000,3758.8000,3759.8000,3760.0000,3760.8000,3761.0000,3761.8000,3762.0000,3762.8000,3763.0000,3763.8000,3764.0000,
3764.6001,3765.0000,3765.6001,3766.0000,3766.3999,3767.0000,3767.3999,3767.8000,3768.2000,3768.8000,3769.2000,3769.8000,3770.0000,3770.8000,3771.0000,
3771.8000,3772.0000,3772.8000,3773.0000,3773.8000,3774.0000,3774.6001,3775.0000,3775.6001,3776.0000,3776.8000,3777.6001,3778.2000,3779.0000,3780.0000,
3781.0000,3781.8000,3782.8000,3783.6001,3784.3999,3785.0000,3786.0000,3787.0000,3787.8000,3788.8000,3789.8000,3790.3999,3791.2000,3792.0000,3792.8000,
3793.0000,3793.8000,3794.0000,3794.8000,3795.2000,3795.8000,3796.2000,3796.8000,3797.3999,3797.8000,3798.3999,3799.0000,3799.3999,3800.0000,3800.6001,
3801.0000,3801.6001,3802.0000,3802.8000,3803.0000,3803.8000,3804.0000,3804.8000,3805.0000,3805.8000,3806.0000,3806.8000,3807.0000,3807.8000,3808.2000,
3809.0000,3809.6001,3810.0000,3810.8000,3811.3999,3812.0000,3812.8000,3813.0000,3813.8000,3814.3999,3815.0000,3815.8000,3816.2000,3817.0000,3817.6001,
3818.0000,3818.8000,3819.3999,3820.0000,3820.8000,3821.0000,3821.8000,3822.6001,3823.0000,3823.8000,3824.2000,3824.8000,3825.2000,3825.8000,3826.3999,
3827.0000,3827.3999,3828.0000,3828.6001,3829.0000,3829.6001,3830.0000,3830.8000,3831.0000,3831.8000,3832.0000,3832.8000,3833.0000,3833.8000,3834.0000,
3834.8000,3835.2000,3835.8000,3836.2000,3836.8000,3837.3999,3837.8000,3838.3999,3839.0000,3839.6001,3840.0000,3840.8000,3841.2000,3842.0000,3842.8000,
3843.6001,3844.0000,3844.8000,3845.8000,3846.2000,3847.0000,3847.8000,3848.3999,3849.0000,3849.8000,3850.8000,3851.2000,3852.0000,3852.8000,3853.3999,
3854.0000,3854.8000,3855.6001,3856.0000,3856.8000,3857.0000,3857.8000,3858.2000,3858.8000,3859.2000,3859.8000,3860.2000,3860.8000,3861.2000,3861.8000,
3862.2000,3862.8000,3863.3999,3863.8000,3864.3999,3864.8000,3865.3999,3866.0000,3866.3999,3867.0000,3867.3999,3868.0000,3868.6001,3869.0000,3869.6001,
3870.0000,3870.6001,3871.0000,3871.6001,3872.0000,3872.8000,3873.2000,3874.0000,3874.8000,3875.3999,3876.0000,3876.8000,3877.3999,3878.0000,3878.8000,
3879.3999,3880.0000,3880.8000,3881.3999,3882.0000,3882.8000,3883.6001,3884.0000,3884.8000,3885.6001,3886.0000,3886.8000,3887.6001,3888.0000,3888.8000,
3889.2000,3890.0000,3890.6001,3891.0000,3891.8000,3892.0000,3892.8000,3893.2000,3894.0000,3894.6001,3895.0000,3895.8000,3896.0000,3896.8000,3897.3999,
3898.0000,3898.6001,3899.0000,3899.8000,3900.0000,3900.8000,3901.3999,3902.0000,3902.6001,3903.0000,3903.8000,3904.0000,3904.8000,3905.2000,3905.8000,
3906.3999,3907.0000,3907.6001,3908.0000,3908.8000,3909.0000,3909.8000,3910.2000,3910.8000,3911.3999,3912.0000,3912.6001,3913.0000,3913.8000,3914.0000,
3914.8000,3915.0000,3915.8000,3916.2000,3916.8000,3917.3999,3918.0000,3918.6001,3919.0000,3919.8000,3920.0000,3920.8000,3921.2000,3921.8000,3922.3999,
3923.0000,3923.8000,3924.0000,3924.8000,3925.2000,3925.8000,3926.3999,3927.0000,3927.8000,3928.0000,3928.8000,3929.2000,3929.8000,3930.3999,3931.0000,
3931.6001,3932.0000,3932.8000,3933.0000,3933.8000,3934.3999,3935.0000,3935.6001,3936.0000,3936.8000,3937.0000,3937.8000,3938.0000,3938.8000,3939.0000,
3939.8000,3940.0000,3940.8000,3941.0000,3941.8000,3942.0000,3942.8000,3943.0000,3943.8000,3944.0000,3944.8000,3945.0000,3945.8000,3946.0000,3946.8000,
3947.0000,3947.8000,3948.0000,3948.8000,3949.0000,3949.8000,3950.0000,3950.8000,3951.0000,3951.8000,3952.2000,3953.0000,3954.0000,3954.8000,3955.8000,
3956.8000,3957.3999,3958.2000,3959.0000,3960.0000,3960.8000,3961.8000,3962.8000,3963.3999,3964.2000,3965.0000,3966.0000,3966.8000,3967.8000,3968.2000,
3968.8000,3969.0000,3969.3999,3969.8000,3970.0000,3970.6001,3970.8000,3971.0000,3971.6001,3971.8000,3972.0000,3972.8000,3973.0000,3973.2000,3973.8000,
3974.0000,3974.2000,3974.8000,3975.0000,3975.3999,3975.8000,3976.0000,3976.6001,3976.8000,3977.0000,3977.6001,3977.8000,3978.0000,3978.8000,3979.0000,
3979.2000,3979.8000,3980.0000,3980.2000,3980.8000,3981.0000,3981.3999,3981.8000,3982.0000,3982.6001,3982.8000,3983.0000,3983.6001,3983.8000,3984.3999,
3986.0000,3987.8000,3989.3999,3991.0000,3992.8000,3994.6001,3996.0000,3998.0000,3999.8000,4000.3999,4000.8000,4001.0000,4001.6001,4002.0000,4002.2000,
4002.8000,4003.0000,4003.3999,4003.8000,4004.0000,4004.6001,4004.8000,4005.0000,4005.8000,4006.0000,4006.2000,4006.8000,4007.0000,4007.3999,4007.8000,
4008.0000,4008.6001,4009.0000,4009.2000,4009.8000,4010.0000,4010.3999,4010.8000,4011.0000,4011.6001,4011.8000,4012.0000,4012.8000,4013.0000,4013.2000,
4013.8000,4014.0000,4014.3999,4014.8000,4015.0000,4015.6001,4016.0000,4016.2000,4016.8000,4017.6001,4018.0000,4018.8000,4019.0000,4019.8000,4020.2000,
4020.8000,4021.3999,4022.0000,4022.6001,4023.0000,4023.8000,4024.0000,4024.8000,4025.3999,4026.0000,4026.6001,4027.0000,4027.8000,4028.0000,4028.8000,
4029.2000,4029.8000,4030.6001,4031.0000,4031.8000,4032.0000,4032.8000,4033.0000,4033.8000,4034.2000,4034.8000,4035.3999,4036.0000,4036.6001,4037.0000,
4037.8000,4038.0000,4038.8000,4039.0000,4039.8000,4040.2000,4040.8000,4041.3999,4042.0000,4042.6001,4043.0000,4043.6001,4044.0000,4044.8000,4045.0000,
4045.8000,4046.2000,4046.8000,4047.2000,4047.8000,4048.8000,4050.8000,4052.2000,4054.0000,4055.8000,4057.3999,4059.0000,4060.8000,4062.6001,4064.00
};