const float ADC_LUT[4096] = { 0,
48.4000,50.4000,52.2000,54.2000,56.0000,58.0000,60.0000,62.0000,64.0000,65.4000,66.8000,68.0000,69.2000,70.8000,71.8000,
73.0000,74.6000,75.8000,77.0000,78.4000,79.8000,80.8000,81.8000,82.8000,83.8000,84.8000,85.6000,86.4000,87.4000,88.2000,
89.2000,90.0000,91.0000,92.0000,93.0000,94.0000,94.8000,95.8000,97.0000,98.0000,99.4000,100.8000,101.8000,103.0000,104.4000,
105.8000,106.8000,108.0000,109.2000,110.6000,111.8000,113.2000,115.0000,116.8000,118.2000,120.0000,121.8000,123.4000,125.0000,126.8000,
128.2000,129.2000,130.2000,131.2000,132.2000,133.0000,134.0000,135.0000,136.0000,137.0000,138.0000,139.0000,140.0000,141.0000,142.0000,
143.0000,144.0000,145.0000,146.6000,147.8000,149.0000,150.2000,151.8000,152.8000,154.0000,155.4000,156.8000,158.0000,159.0000,160.4000,
161.0000,162.0000,163.0000,163.8000,164.8000,165.6000,166.2000,167.0000,168.0000,168.8000,169.8000,170.6000,171.4000,172.0000,173.0000,
174.0000,174.8000,175.8000,176.8000,178.0000,179.6000,181.0000,182.4000,183.8000,185.0000,186.8000,188.0000,189.8000,191.0000,192.4000,
193.4000,194.6000,195.8000,196.8000,197.8000,198.8000,199.8000,201.0000,202.0000,203.0000,204.0000,205.2000,206.2000,207.4000,208.6000,
209.8000,210.8000,212.0000,213.0000,214.4000,215.8000,216.8000,218.0000,219.0000,220.2000,221.6000,222.8000,223.8000,225.0000,226.0000,
227.2000,228.4000,229.6000,230.8000,231.8000,233.0000,234.0000,235.2000,236.4000,237.8000,238.8000,239.8000,241.0000,242.0000,243.2000,
244.6000,245.8000,246.8000,248.0000,249.0000,250.2000,251.4000,252.8000,253.8000,255.0000,256.0000,257.0000,258.0000,259.0000,260.0000,
261.0000,262.0000,263.0000,264.0000,265.0000,266.0000,267.0000,268.0000,269.0000,270.0000,271.0000,272.0000,273.0000,274.4000,275.8000,
277.0000,278.2000,279.6000,280.8000,282.0000,283.4000,284.8000,286.0000,287.0000,288.4000,289.6000,290.8000,291.8000,292.8000,294.0000,
295.0000,296.0000,297.2000,298.4000,299.6000,300.8000,301.8000,302.8000,304.0000,304.8000,305.8000,306.6000,307.2000,308.0000,309.0000,
309.8000,310.8000,311.6000,312.2000,313.0000,314.0000,314.8000,315.8000,316.6000,317.2000,318.0000,319.0000,319.8000,320.8000,321.8000,
322.6000,323.4000,324.0000,325.0000,326.0000,327.0000,327.8000,328.8000,329.8000,330.6000,331.4000,332.2000,333.0000,334.0000,335.0000,    
335.8000,337.6000,339.8000,342.0000,344.0000,346.6000,348.8000,351.0000,352.8000,354.0000,355.0000,356.2000,357.6000,358.8000,359.8000,    
361.0000,362.2000,363.4000,364.8000,365.8000,367.0000,368.0000,369.4000,370.8000,372.0000,373.0000,374.4000,375.8000,376.8000,378.0000,    
379.4000,380.8000,381.8000,383.0000,384.2000,385.2000,386.2000,387.2000,388.4000,389.4000,390.4000,391.4000,392.4000,393.4000,394.6000,    
395.6000,396.6000,397.6000,398.6000,399.6000,400.8000,401.8000,402.8000,403.8000,404.8000,405.8000,406.8000,408.0000,409.0000,410.0000,    
411.0000,412.0000,413.0000,414.0000,415.2000,416.2000,417.8000,418.8000,420.0000,421.4000,422.8000,424.0000,425.0000,426.6000,427.8000,    
429.0000,430.2000,431.8000,432.8000,434.0000,435.6000,436.8000,438.0000,439.4000,440.8000,442.0000,443.2000,444.8000,446.0000,447.2000,    
448.6000,449.6000,450.6000,451.4000,452.4000,453.4000,454.4000,455.4000,456.4000,457.4000,458.2000,459.2000,460.2000,461.2000,462.2000,
463.2000,464.2000,465.2000,466.4000,467.6000,468.8000,469.8000,470.8000,471.8000,473.0000,474.0000,475.0000,476.0000,477.2000,478.4000,    
479.6000,480.8000,481.8000,482.8000,484.0000,485.0000,486.0000,487.4000,488.6000,489.8000,490.8000,491.8000,493.0000,494.0000,495.2000,    
496.4000,497.8000,498.8000,500.0000,501.2000,502.8000,503.8000,505.0000,506.2000,507.6000,508.8000,510.0000,511.0000,512.4000,513.4000,    
514.4000,515.4000,516.4000,517.4000,518.4000,519.4000,520.4000,521.4000,522.4000,523.4000,524.4000,525.4000,526.4000,527.4000,528.6000,    
529.8000,531.0000,532.4000,533.8000,535.0000,536.2000,537.8000,539.0000,540.2000,541.8000,542.8000,544.0000,545.4000,546.8000,547.8000,    
549.0000,550.0000,551.4000,552.8000,553.8000,555.0000,556.0000,557.2000,558.6000,559.8000,560.8000,562.0000,563.0000,564.2000,565.6000,
566.8000,567.8000,568.8000,570.0000,571.0000,572.2000,573.4000,574.8000,575.8000,576.8000,577.8000,578.8000,579.8000,580.8000,581.8000,    
582.8000,583.8000,584.8000,585.8000,586.8000,587.8000,588.8000,589.8000,590.8000,591.8000,592.8000,593.8000,594.8000,595.8000,597.0000,    
598.0000,599.0000,600.0000,601.2000,602.4000,603.6000,604.8000,605.8000,606.8000,607.8000,609.0000,610.8000,612.0000,613.6000,615.0000,    
616.4000,617.8000,619.2000,620.8000,622.0000,623.8000,624.8000,625.8000,626.4000,627.2000,628.0000,629.0000,629.8000,630.8000,631.6000,    
632.4000,633.2000,634.0000,635.0000,635.8000,636.8000,637.6000,638.4000,639.0000,640.0000,641.0000,642.2000,643.4000,644.6000,645.8000,    
646.8000,647.8000,649.0000,650.0000,651.2000,652.4000,653.6000,654.8000,655.8000,656.8000,657.8000,658.8000,659.8000,660.8000,661.8000,
662.6000,663.6000,664.4000,665.4000,666.2000,667.2000,668.0000,669.0000,670.0000,671.0000,672.0000,673.0000,674.4000,675.6000,676.8000,    
677.8000,679.0000,680.0000,681.2000,682.6000,683.8000,684.8000,686.0000,687.0000,688.2000,689.4000,690.8000,691.8000,692.8000,694.0000,    
695.0000,696.0000,697.4000,698.6000,699.8000,700.8000,702.0000,703.0000,704.0000,705.4000,706.6000,707.8000,708.8000,710.0000,711.0000,    
712.2000,713.4000,714.8000,715.8000,717.0000,718.0000,719.0000,720.4000,721.8000,722.8000,724.0000,725.0000,726.4000,727.8000,728.8000,    
730.0000,731.0000,732.4000,733.8000,734.8000,736.0000,737.0000,738.0000,739.0000,740.0000,741.2000,742.2000,743.4000,744.4000,745.6000,
746.6000,747.8000,748.8000,749.8000,750.8000,751.8000,752.8000,754.0000,755.0000,756.2000,757.4000,758.8000,759.8000,760.8000,762.0000,    
763.0000,764.2000,765.4000,766.6000,767.8000,768.8000,769.8000,770.8000,772.0000,773.0000,774.0000,775.0000,776.0000,777.0000,778.0000,    
779.2000,780.2000,781.4000,782.4000,783.6000,784.6000,785.4000,786.2000,787.0000,788.0000,789.0000,790.0000,790.8000,791.8000,792.8000,    
793.8000,794.6000,795.4000,796.2000,797.0000,798.0000,799.0000,800.0000,802.0000,804.8000,807.2000,810.0000,812.6000,815.0000,816.8000,    
817.8000,818.6000,819.4000,820.2000,821.0000,822.0000,823.0000,823.8000,824.8000,825.8000,826.6000,827.4000,828.2000,829.0000,830.0000,    
831.0000,831.8000,832.8000,833.8000,834.8000,835.8000,836.8000,837.8000,838.8000,839.8000,840.6000,841.6000,842.6000,843.4000,844.4000,
845.4000,846.2000,847.2000,848.2000,850.4000,852.4000,854.4000,856.4000,858.6000,860.6000,862.6000,864.2000,865.0000,865.8000,866.8000,    
867.6000,868.0000,869.0000,869.8000,870.8000,871.4000,872.0000,873.0000,873.8000,874.6000,875.2000,876.0000,876.8000,877.8000,878.4000,    
879.0000,880.0000,881.0000,882.0000,883.0000,884.2000,885.4000,886.6000,887.8000,888.8000,889.8000,891.0000,892.0000,893.0000,894.0000,    
895.2000,896.6000,897.8000,898.8000,899.8000,901.0000,902.0000,903.2000,904.6000,905.8000,906.8000,908.0000,909.0000,910.0000,911.2000,    
912.6000,913.8000,914.8000,916.0000,917.0000,918.4000,919.6000,920.8000,921.8000,923.0000,924.0000,925.4000,926.8000,927.8000,928.8000,    
929.8000,930.8000,931.8000,932.8000,933.8000,934.8000,935.8000,936.8000,937.8000,938.8000,939.6000,940.6000,941.6000,942.6000,943.6000,
944.4000,945.4000,946.4000,947.6000,948.6000,949.6000,950.6000,951.6000,952.6000,953.6000,954.6000,955.6000,956.6000,957.6000,958.6000,    
959.6000,960.8000,962.0000,963.2000,964.8000,966.0000,967.4000,968.8000,970.0000,971.6000,972.8000,974.0000,975.6000,977.0000,978.2000,    
979.8000,981.0000,982.6000,984.0000,985.2000,986.8000,988.0000,989.6000,990.8000,992.0000,993.0000,993.8000,994.6000,995.0000,996.0000,    
996.8000,997.6000,998.0000,999.0000,999.8000,1000.6000,1001.0000,1002.0000,1002.8000,1003.4000,1004.0000,1005.0000,1005.8000,1006.4000,1007.0000,
1008.0000,1010.0000,1012.8000,1015.8000,1018.6000,1021.2000,1024.0000,1025.8000,1027.0000,1028.8000,1030.2000,1031.8000,1033.2000,1034.800 
,1036.4000,
1037.8000,1039.4000,1040.8000,1042.2000,1043.8000,1045.0000,1046.8000,1048.0000,1049.6000,1051.0000,1052.4000,1053.8000,1055.0000,1056.6000,1057.6000,
1058.6000,1059.6000,1060.4000,1061.4000,1062.4000,1063.4000,1064.2000,1065.2000,1066.2000,1067.2000,1068.0000,1069.0000,1070.0000,1071.0000,1072.0000,
1073.0000,1074.0000,1075.0000,1076.0000,1077.0000,1078.0000,1079.0000,1080.0000,1081.2000,1082.2000,1083.2000,1084.2000,1085.2000,1086.2000,1087.2000,
1088.4000,1089.8000,1090.8000,1092.0000,1093.4000,1094.8000,1096.0000,1097.0000,1098.6000,1099.8000,1101.0000,1102.0000,1103.6000,1104.6000,1105.0000,
1106.0000,1106.8000,1107.2000,1108.0000,1108.8000,1109.4000,1110.0000,1110.8000,1111.6000,1112.0000,1112.8000,1113.8000,1114.2000,1115.0000,1115.8000,
1116.4000,1117.0000,1117.8000,1118.6000,1119.0000,1119.8000,1121.8000,1124.2000,1127.0000,1129.8000,1132.8000,1135.4000,1136.8000,1137.8000,1138.8000,
1139.8000,1140.6000,1141.4000,1142.2000,1143.0000,1144.0000,1145.0000,1146.0000,1146.8000,1147.8000,1148.8000,1149.6000,1150.6000,1151.4000,1152.4000,
1154.4000,1156.4000,1158.4000,1160.4000,1162.4000,1164.4000,1166.4000,1168.4000,1169.8000,1171.4000,1173.0000,1174.4000,1176.0000,1177.6000,1179.0000,
1180.6000,1182.0000,1183.6000,1184.8000,1185.4000,1186.0000,1187.0000,1187.8000,1188.8000,1189.4000,1190.0000,1191.0000,1191.8000,1192.8000,1193.4000,
1194.0000,1195.0000,1195.8000,1196.8000,1197.4000,1198.0000,1199.0000,1199.8000,1200.8000,1201.6000,1202.2000,1203.0000,1204.0000,1204.8000,1205.8000,
1206.6000,1207.2000,1208.0000,1209.0000,1209.8000,1210.8000,1211.6000,1212.4000,1213.0000,1214.0000,1214.8000,1215.8000,1216.8000,1217.8000,1218.8000,
1219.8000,1220.8000,1221.8000,1222.8000,1223.8000,1224.8000,1225.8000,1226.8000,1228.0000,1229.0000,1230.0000,1231.0000,1232.0000,1232.8000,1233.8000,
1234.8000,1235.4000,1236.2000,1237.0000,1238.0000,1238.8000,1239.8000,1240.8000,1241.4000,1242.2000,1243.0000,1244.0000,1244.8000,1245.8000,1246.6000,
1247.4000,1248.2000,1249.6000,1250.8000,1251.8000,1253.0000,1254.2000,1255.6000,1256.8000,1257.8000,1259.0000,1260.2000,1261.6000,1262.8000,1263.8000,
1265.0000,1266.0000,1267.4000,1268.8000,1269.8000,1271.0000,1272.0000,1273.2000,1274.6000,1275.8000,1276.8000,1278.0000,1279.0000,1280.4000,1281.8000,
1282.8000,1284.0000,1285.2000,1286.8000,1287.8000,1289.0000,1290.2000,1291.6000,1292.8000,1294.0000,1295.0000,1296.4000,1297.2000,1298.0000,1299.0000,
1300.0000,1300.8000,1301.8000,1302.8000,1303.6000,1304.4000,1305.2000,1306.0000,1307.0000,1308.0000,1308.8000,1309.8000,1310.8000,1311.6000,1312.4000,
1313.8000,1315.0000,1316.0000,1317.6000,1318.8000,1320.0000,1321.2000,1322.6000,1323.8000,1325.0000,1326.2000,1327.8000,1329.0000,1330.8000,1332.0000,
1333.8000,1335.4000,1337.0000,1338.8000,1340.0000,1341.8000,1343.4000,1344.8000,1345.8000,1346.6000,1347.6000,1348.4000,1349.4000,1350.2000,1351.0000,
1352.0000,1353.0000,1354.0000,1355.0000,1356.0000,1356.8000,1357.8000,1358.8000,1359.8000,1360.8000,1362.0000,1363.4000,1364.8000,1366.0000,1367.4000,
1368.8000,1370.0000,1371.2000,1372.8000,1373.8000,1375.0000,1376.4000,1377.4000,1378.4000,1379.2000,1380.2000,1381.2000,1382.0000,1383.0000,1384.0000,
1385.0000,1386.0000,1387.0000,1388.0000,1389.0000,1390.0000,1390.8000,1391.8000,1393.0000,1394.4000,1395.8000,1397.0000,1398.2000,1399.8000,1401.0000,
1402.0000,1403.6000,1404.8000,1406.0000,1407.6000,1408.8000,1410.0000,1411.0000,1412.4000,1413.8000,1414.8000,1416.0000,1417.0000,1418.4000,1419.8000,
1420.8000,1422.0000,1423.0000,1424.4000,1425.8000,1426.8000,1427.8000,1429.0000,1430.0000,1431.4000,1432.6000,1433.8000,1434.8000,1436.0000,1437.0000,
1438.2000,1439.6000,1440.8000,1441.4000,1442.2000,1443.0000,1444.0000,1445.0000,1445.8000,1446.8000,1447.8000,1448.6000,1449.4000,1450.0000,1451.0000,
1452.0000,1452.8000,1453.8000,1454.8000,1455.6000,1456.6000,1457.6000,1458.8000,1459.8000,1460.8000,1461.8000,1462.8000,1463.8000,1464.8000,1466.0000,
1467.0000,1468.0000,1469.0000,1470.0000,1471.0000,1472.0000,1473.4000,1474.6000,1475.8000,1476.8000,1478.0000,1479.0000,1480.0000,1481.4000,1482.6000,
1483.8000,1484.8000,1486.0000,1487.0000,1488.0000,1489.4000,1490.8000,1491.8000,1493.0000,1494.2000,1495.6000,1496.8000,1498.0000,1499.0000,1500.4000,
1501.8000,1502.8000,1504.0000,1505.0000,1506.0000,1506.8000,1507.8000,1508.8000,1509.8000,1510.8000,1511.6000,1512.6000,1513.4000,1514.4000,1515.2000,
1516.0000,1517.0000,1518.0000,1519.0000,1520.0000,1521.0000,1522.0000,1523.0000,1524.2000,1525.6000,1526.8000,1527.8000,1528.8000,1530.0000,1531.0000,
1532.0000,1533.0000,1534.2000,1535.6000,1536.8000,1538.6000,1540.0000,1542.0000,1543.8000,1545.4000,1547.0000,1548.8000,1550.8000,1552.2000,1553.0000,
1553.8000,1554.8000,1555.6000,1556.2000,1557.0000,1558.0000,1558.8000,1559.8000,1560.4000,1561.0000,1562.0000,1562.8000,1563.8000,1564.6000,1565.2000,
1566.0000,1566.8000,1567.8000,1569.0000,1570.8000,1572.6000,1574.4000,1576.0000,1578.0000,1579.8000,1581.8000,1583.4000,1584.8000,1585.6000,1586.2000,
1587.0000,1587.8000,1588.8000,1589.6000,1590.2000,1591.0000,1592.0000,1592.8000,1593.8000,1594.4000,1595.0000,1596.0000,1596.8000,1597.8000,1598.4000,
1599.0000,1600.0000,1601.0000,1602.0000,1603.2000,1604.2000,1605.4000,1606.6000,1607.8000,1608.8000,1609.8000,1610.8000,1612.0000,1613.0000,1614.0000,
1615.0000,1616.2000,1617.0000,1618.0000,1618.8000,1619.8000,1620.8000,1621.6000,1622.2000,1623.0000,1624.0000,1625.0000,1625.8000,1626.8000,1627.6000,
1628.4000,1629.0000,1630.0000,1631.0000,1631.8000,1633.4000,1635.8000,1638.0000,1640.0000,1642.6000,1644.8000,1647.0000,1648.8000,1649.8000,1650.8000,
1651.8000,1653.0000,1654.0000,1655.0000,1656.0000,1657.0000,1658.2000,1659.2000,1660.4000,1661.4000,1662.6000,1663.8000,1664.8000,1665.8000,1667.0000,
1668.0000,1669.0000,1670.2000,1671.4000,1672.6000,1673.8000,1674.8000,1675.8000,1677.0000,1678.0000,1679.2000,1680.4000,1681.8000,1683.0000,1684.0000,
1685.6000,1686.8000,1688.0000,1689.0000,1690.6000,1691.8000,1693.0000,1694.2000,1695.6000,1696.8000,1697.6000,1698.4000,1699.2000,1700.0000,1701.0000,
1702.0000,1702.8000,1703.8000,1704.8000,1705.6000,1706.4000,1707.2000,1708.0000,1709.0000,1710.0000,1710.8000,1711.8000,1712.8000,1713.8000,1714.8000,
1716.0000,1717.0000,1718.0000,1719.0000,1720.0000,1721.2000,1722.4000,1723.6000,1724.8000,1725.8000,1726.8000,1727.8000,1728.8000,1729.8000,1730.8000,
1731.8000,1732.8000,1733.8000,1734.8000,1735.8000,1736.8000,1737.8000,1738.8000,1739.8000,1740.8000,1741.8000,1742.8000,1743.8000,1745.0000,1746.8000,
1748.0000,1749.6000,1751.0000,1752.6000,1754.0000,1755.6000,1757.0000,1758.4000,1759.8000,1760.8000,1761.8000,1762.8000,1763.4000,1764.2000,1765.0000,
1766.0000,1766.8000,1767.8000,1768.6000,1769.2000,1770.0000,1771.0000,1771.8000,1772.8000,1773.6000,1774.4000,1775.0000,1776.0000,1777.0000,1778.0000,
1779.0000,1780.0000,1781.0000,1781.8000,1782.8000,1783.8000,1784.8000,1785.8000,1786.8000,1787.8000,1788.8000,1789.8000,1790.8000,1791.8000,1792.8000,
1794.0000,1795.6000,1796.8000,1798.2000,1799.8000,1801.0000,1802.4000,1803.8000,1805.0000,1806.8000,1808.0000,1809.0000,1809.8000,1810.8000,1811.8000,
1812.6000,1813.2000,1814.0000,1815.0000,1816.0000,1816.8000,1817.8000,1818.8000,1819.6000,1820.2000,1821.0000,1822.0000,1823.0000,1823.8000,1825.0000,
1826.0000,1827.2000,1828.6000,1829.8000,1830.8000,1832.0000,1833.0000,1834.4000,1835.8000,1836.8000,1838.0000,1839.0000,1840.2000,1841.6000,1842.8000,
1844.0000,1845.0000,1846.4000,1847.8000,1848.8000,1850.0000,1851.0000,1852.4000,1853.8000,1854.8000,1856.0000,1857.4000,1858.8000,1860.0000,1861.4000,
1862.8000,1864.0000,1865.4000,1866.8000,1868.0000,1869.6000,1870.8000,1872.0000,1874.0000,1876.2000,1878.4000,1880.6000,1882.8000,1884.8000,1886.8000,
1888.4000,1889.0000,1889.8000,1890.4000,1891.0000,1891.8000,1892.4000,1893.0000,1893.8000,1894.4000,1895.0000,1895.8000,1896.4000,1897.0000,1897.8000,
1898.4000,1899.0000,1899.8000,1900.4000,1901.0000,1901.8000,1902.2000,1903.0000,1903.8000,1904.6000,1905.8000,1907.0000,1908.4000,1909.8000,1911.0000,
1912.2000,1913.8000,1915.0000,1916.2000,1917.8000,1919.0000,1920.0000,1921.2000,1922.2000,1923.4000,1924.4000,1925.6000,1926.6000,1927.8000,1928.8000,
1929.8000,1930.8000,1931.8000,1932.8000,1934.0000,1935.0000,1936.0000,1937.0000,1938.0000,1939.0000,1940.2000,1941.4000,1942.4000,1943.6000,1944.8000,
1945.8000,1946.8000,1947.8000,1948.8000,1949.8000,1951.0000,1952.0000,1953.0000,1954.4000,1955.8000,1956.8000,1958.0000,1959.0000,1960.2000,1961.6000,
1962.8000,1963.8000,1965.0000,1966.0000,1967.4000,1968.8000,1971.0000,1973.6000,1975.8000,1978.0000,1980.4000,1982.8000,1984.4000,1985.0000,1985.8000,
1986.6000,1987.0000,1987.8000,1988.6000,1989.0000,1989.8000,1990.6000,1991.0000,1991.8000,1992.8000,1993.2000,1994.0000,1994.8000,1995.2000,1996.0000,
1996.8000,1997.2000,1998.0000,1998.8000,1999.4000,2000.0000,2001.2000,2002.8000,2004.2000,2005.8000,2007.0000,2008.8000,2010.0000,2011.6000,2013.0000,
2014.4000,2016.0000,2017.0000,2018.0000,2019.0000,2020.0000,2021.0000,2022.0000,2023.0000,2024.0000,2025.0000,2026.0000,2027.0000,2028.0000,2028.8000,
2029.8000,2030.8000,2031.8000,2032.6000,2033.0000,2033.4000,2033.8000,2034.2000,2034.8000,2035.0000,2035.8000,2036.0000,2036.6000,2037.0000,2037.4000,
2037.8000,2038.2000,2038.8000,2039.0000,2039.8000,2040.0000,2040.8000,2041.0000,2041.6000,2042.0000,2042.4000,2042.8000,2043.2000,2043.8000,2044.0000,
2044.8000,2045.0000,2045.6000,2046.0000,2046.4000,2046.8000,2047.2000,2047.8000,2048.2000,2049.8000,2051.0000,2052.2000,2053.8000,2055.0000,2056.3999,
2057.8000,2059.0000,2060.3999,2061.8000,2063.0000,2064.2000,2065.0000,2066.0000,2067.0000,2067.8000,2068.8000,2069.8000,2070.6001,2071.2000,2072.0000,
2073.0000,2074.0000,2074.8000,2075.8000,2076.8000,2077.6001,2078.2000,2079.0000,2080.0000,2081.3999,2082.8000,2084.0000,2085.8000,2087.0000,2088.3999,
2089.8000,2091.0000,2092.8000,2094.0000,2095.3999,2096.8000,2097.8000,2099.0000,2100.2000,2101.3999,2102.8000,2103.8000,2105.0000,2106.0000,2107.3999,
2108.6001,2109.8000,2111.0000,2112.0000,2113.0000,2114.0000,2115.0000,2116.2000,2117.2000,2118.3999,2119.3999,2120.3999,2121.6001,2122.6001,2123.8000,
2124.8000,2125.8000,2126.8000,2127.8000,2128.8000,2129.3999,2130.0000,2131.0000,2131.8000,2132.8000,2133.3999,2134.0000,2135.0000,2135.8000,2136.6001,
2137.2000,2138.0000,2139.0000,2139.8000,2140.6001,2141.2000,2142.0000,2142.8000,2143.8000,2144.8000,2146.8000,2148.3999,2150.0000,2152.0000,2154.0000,
2155.8000,2157.8000,2159.3999,2161.0000,2163.0000,2164.8000,2166.3999,2168.0000,2169.8000,2171.6001,2173.2000,2175.0000,2176.3999,2177.0000,2178.0000,
2178.8000,2179.6001,2180.0000,2181.0000,2181.8000,2182.6001,2183.2000,2184.0000,2184.8000,2185.6001,2186.2000,2187.0000,2187.8000,2188.8000,2189.2000,
2190.0000,2190.8000,2191.8000,2192.6001,2194.0000,2195.2000,2196.8000,2198.0000,2199.8000,2201.0000,2202.3999,2203.8000,2205.0000,2206.8000,2208.0000,
2209.8000,2211.2000,2213.0000,2214.8000,2216.3999,2218.0000,2219.8000,2221.3999,2223.0000,2224.6001,2225.2000,2226.0000,2226.8000,2227.8000,2228.3999,
2229.0000,2230.0000,2230.8000,2231.6001,2232.2000,2233.0000,2233.8000,2234.8000,2235.3999,2236.0000,2237.0000,2237.8000,2238.6001,2239.2000,2240.0000,
2241.0000,2242.6001,2243.8000,2245.0000,2246.2000,2247.8000,2248.8000,2250.0000,2251.3999,2252.8000,2254.0000,2255.2000,2256.6001,2257.8000,2258.8000,
2259.8000,2260.8000,2262.0000,2263.0000,2264.0000,2265.0000,2266.0000,2267.2000,2268.3999,2269.6001,2270.8000,2271.8000,2272.8000,2273.8000,2275.0000,
2276.0000,2277.0000,2278.3999,2279.6001,2280.8000,2281.8000,2282.8000,2284.0000,2285.0000,2286.0000,2287.2000,2288.3999,2289.6001,2290.6001,2291.6001,
2292.8000,2293.8000,2294.8000,2295.8000,2296.8000,2297.8000,2298.8000,2299.8000,2300.8000,2301.8000,2302.8000,2303.8000,2305.0000,2306.0000,2307.0000,
2308.0000,2309.0000,2310.0000,2311.0000,2312.2000,2313.2000,2314.2000,2315.3999,2316.3999,2317.6001,2318.6001,2319.8000,2320.8000,2321.6001,2322.3999,
2323.3999,2324.2000,2325.0000,2326.0000,2327.0000,2328.0000,2329.0000,2329.8000,2330.8000,2331.8000,2332.8000,2333.6001,2334.6001,2335.3999,2336.2000,
2337.0000,2338.0000,2339.0000,2339.8000,2340.8000,2341.8000,2342.6001,2343.3999,2344.2000,2345.0000,2346.0000,2347.0000,2347.8000,2348.8000,2349.8000,
2350.8000,2351.6001,2352.3999,2354.0000,2355.3999,2357.0000,2358.3999,2360.0000,2361.3999,2363.0000,2364.3999,2365.8000,2367.3999,2369.0000,2370.8000,
2372.2000,2374.0000,2375.8000,2377.0000,2378.8000,2380.6001,2382.0000,2383.8000,2384.8000,2385.8000,2386.3999,2387.0000,2388.0000,2388.8000,2389.8000,
2390.3999,2391.0000,2392.0000,2392.8000,2393.8000,2394.3999,2395.0000,2396.0000,2396.8000,2397.8000,2398.3999,2399.0000,2400.0000,2401.0000,2402.8000,
2404.0000,2405.2000,2406.8000,2408.0000,2409.3999,2410.8000,2412.0000,2413.6001,2415.0000,2416.2000,2417.2000,2418.2000,2419.2000,2420.3999,2421.3999,
2422.3999,2423.3999,2424.6001,2425.6001,2426.6001,2427.6001,2428.8000,2429.8000,2430.8000,2431.8000,2432.8000,2433.8000,2434.8000,2435.6001,2436.6001,
2437.6001,2438.3999,2439.3999,2440.3999,2441.3999,2442.2000,2443.2000,2444.2000,2445.0000,2446.0000,2447.0000,2448.0000,2449.0000,2450.3999,2451.6001,
2452.8000,2453.8000,2454.8000,2455.8000,2457.0000,2458.0000,2459.0000,2460.2000,2461.3999,2462.6001,2463.8000,2465.0000,2467.0000,2469.0000,2471.0000,
2473.0000,2474.8000,2476.8000,2478.8000,2480.3999,2481.0000,2482.0000,2482.8000,2483.6001,2484.0000,2485.0000,2485.8000,2486.6001,2487.2000,2488.0000,
2488.8000,2489.8000,2490.3999,2491.0000,2492.0000,2492.8000,2493.6001,2494.0000,2495.0000,2495.8000,2496.8000,2498.0000,2499.0000,2500.6001,2501.8000,
2503.0000,2504.0000,2505.3999,2506.8000,2508.0000,2509.0000,2510.3999,2511.8000,2513.0000,2514.8000,2516.6001,2518.0000,2520.0000,2521.8000,2523.2000,
2525.0000,2526.8000,2528.2000,2529.0000,2530.0000,2531.0000,2531.8000,2532.8000,2533.6001,2534.3999,2535.2000,2536.0000,2537.0000,2537.8000,2538.8000,
2539.8000,2540.6001,2541.3999,2542.0000,2543.0000,2544.0000,2545.0000,2546.0000,2547.0000,2548.2000,2549.3999,2550.3999,2551.6001,2552.8000,2553.8000,
2554.8000,2555.8000,2557.0000,2558.0000,2559.0000,2560.0000,2561.8000,2563.8000,2565.0000,2567.0000,2568.8000,2570.2000,2572.0000,2573.8000,2575.2000,
2576.8000,2577.8000,2578.6001,2579.6001,2580.3999,2581.3999,2582.2000,2583.2000,2584.0000,2585.0000,2586.0000,2587.0000,2588.0000,2589.0000,2589.8000,
2590.8000,2591.8000,2592.8000,2594.0000,2595.0000,2596.0000,2597.2000,2598.3999,2599.6001,2600.8000,2601.8000,2603.0000,2604.0000,2605.0000,2606.2000,
2607.3999,2608.8000,2609.8000,2611.0000,2612.2000,2613.6001,2614.8000,2616.0000,2617.2000,2618.6001,2619.8000,2621.0000,2622.0000,2623.6001,2624.8000,
2625.8000,2626.8000,2628.0000,2629.0000,2630.0000,2631.0000,2632.2000,2633.2000,2634.3999,2635.6001,2636.8000,2637.8000,2638.8000,2639.8000,2641.0000,
2642.0000,2643.0000,2644.0000,2645.0000,2646.2000,2647.2000,2648.3999,2649.3999,2650.6001,2651.8000,2652.8000,2653.8000,2654.8000,2655.8000,2656.8000,
2657.8000,2658.8000,2659.8000,2660.8000,2662.0000,2663.0000,2664.0000,2665.0000,2666.0000,2667.0000,2668.0000,2669.0000,2670.0000,2671.0000,2672.0000,
2673.0000,2674.0000,2675.0000,2676.0000,2677.0000,2678.0000,2679.0000,2680.0000,2681.0000,2682.0000,2683.0000,2684.0000,2685.0000,2686.0000,2687.0000,
2688.0000,2689.8000,2691.3999,2693.0000,2694.8000,2696.0000,2697.8000,2699.6001,2701.0000,2702.8000,2704.2000,2705.6001,2706.8000,2708.0000,2709.2000,
2710.8000,2711.8000,2713.0000,2714.2000,2715.8000,2716.8000,2718.0000,2719.2000,2720.6001,2721.8000,2722.8000,2723.8000,2724.8000,2725.8000,2726.8000,
2727.8000,2728.8000,2729.8000,2730.8000,2732.0000,2733.0000,2734.0000,2735.0000,2736.0000,2737.0000,2738.0000,2739.0000,2740.0000,2741.0000,2742.0000,
2743.0000,2744.0000,2745.0000,2746.0000,2747.0000,2748.0000,2749.0000,2750.0000,2751.0000,2752.0000,2753.0000,2754.2000,2755.3999,2756.6001,2757.6001,
2758.8000,2759.8000,2760.8000,2761.8000,2763.0000,2764.0000,2765.0000,2766.0000,2767.2000,2768.2000,2769.6001,2770.8000,2772.0000,2773.0000,2774.2000,
2775.6001,2776.8000,2777.8000,2779.0000,2780.0000,2781.3999,2782.8000,2783.8000,2785.0000,2786.0000,2787.2000,2788.6001,2789.8000,2790.8000,2792.0000,
2793.0000,2794.2000,2795.6001,2796.8000,2797.8000,2799.0000,2800.0000,2801.0000,2802.0000,2803.0000,2804.0000,2805.0000,2806.0000,2807.0000,2808.0000,
2809.0000,2810.0000,2811.0000,2812.0000,2813.0000,2814.0000,2815.0000,2816.0000,2818.0000,2819.8000,2821.2000,2823.0000,2824.8000,2826.6001,2828.0000,
2830.0000,2831.8000,2832.8000,2833.8000,2834.3999,2835.2000,2836.0000,2837.0000,2837.8000,2838.8000,2839.3999,2840.2000,2841.0000,2842.0000,2842.8000,
2843.8000,2844.6001,2845.2000,2846.0000,2847.0000,2847.8000,2848.8000,2850.0000,2851.6001,2852.8000,2854.0000,2855.3999,2856.8000,2858.0000,2859.2000,
2860.8000,2862.0000,2863.2000,2864.6001,2865.6001,2866.8000,2867.8000,2868.8000,2869.8000,2870.8000,2871.8000,2872.8000,2873.8000,2874.8000,2875.8000,
2876.8000,2877.8000,2879.0000,2880.0000,2880.8000,2881.3999,2882.0000,2882.8000,2883.6001,2884.0000,2884.8000,2885.8000,2886.2000,2887.0000,2887.8000,
2888.3999,2889.0000,2889.8000,2890.3999,2891.0000,2891.8000,2892.6001,2893.0000,2894.0000,2894.8000,2895.2000,2896.0000,2897.0000,2898.0000,2899.0000,
2900.0000,2901.0000,2902.0000,2903.2000,2904.2000,2905.3999,2906.3999,2907.6001,2908.6001,2909.8000,2910.8000,2911.8000,2912.8000,2914.0000,2915.2000,
2916.6001,2917.8000,2919.0000,2920.0000,2921.6001,2922.8000,2924.0000,2925.0000,2926.3999,2927.8000,2928.8000,2929.8000,2930.8000,2931.6001,2932.6001,
2933.3999,2934.3999,2935.2000,2936.0000,2937.0000,2938.0000,2939.0000,2940.0000,2941.0000,2941.8000,2942.8000,2943.8000,2944.8000,2946.0000,2947.6001,
2948.8000,2950.0000,2951.3999,2952.8000,2954.0000,2955.0000,2956.6001,2957.8000,2959.0000,2960.3999,2961.8000,2962.8000,2964.0000,2965.0000,2966.3999,
2967.8000,2968.8000,2970.0000,2971.0000,2972.3999,2973.8000,2974.8000,2976.0000,2977.0000,2978.0000,2979.3999,2980.6001,2981.8000,2982.8000,2983.8000,
2985.0000,2986.0000,2987.2000,2988.3999,2989.6001,2990.8000,2991.8000,2992.8000,2994.0000,2995.0000,2996.0000,2997.0000,2998.0000,2999.0000,3000.0000,
3001.2000,3002.2000,3003.3999,3004.3999,3005.6001,3006.6001,3007.8000,3008.8000,3009.8000,3010.8000,3011.8000,3012.8000,3013.8000,3014.8000,3015.8000,
3016.8000,3018.0000,3019.0000,3020.0000,3021.0000,3022.0000,3023.0000,3024.0000,3025.0000,3026.0000,3027.2000,3028.3999,3029.3999,3030.6001,3031.8000,
3032.8000,3033.8000,3034.8000,3035.8000,3037.0000,3038.0000,3039.0000,3040.0000,3041.2000,3042.3999,3043.8000,3044.8000,3045.8000,3047.0000,3048.0000,
3049.2000,3050.3999,3051.8000,3052.8000,3053.8000,3055.0000,3056.0000,3061.0000,3066.0000,3071.0000,3073.0000,3073.8000,3074.8000,3075.8000,3076.8000,
3077.8000,3078.8000,3079.6001,3080.6001,3081.3999,3082.3999,3083.2000,3084.0000,3085.0000,3086.0000,3087.0000,3088.0000,3089.0000,3090.0000,3091.0000,
3091.8000,3092.8000,3093.8000,3094.8000,3095.8000,3096.8000,3097.8000,3098.8000,3099.8000,3100.6001,3101.6001,3102.6001,3103.3999,3104.3999,3105.2000,
3106.0000,3107.0000,3108.0000,3108.8000,3109.8000,3110.8000,3111.8000,3112.6001,3113.3999,3114.2000,3115.0000,3116.0000,3117.0000,3118.0000,3118.8000,
3119.8000,3120.8000,3121.8000,3122.8000,3123.8000,3124.8000,3125.8000,3126.8000,3127.8000,3129.0000,3130.0000,3131.0000,3132.0000,3133.0000,3134.0000,
3135.0000,3136.0000,3137.2000,3138.6001,3139.8000,3141.0000,3142.0000,3143.3999,3144.8000,3145.8000,3147.0000,3148.0000,3149.6001,3150.8000,3152.0000,
3153.0000,3154.0000,3155.0000,3156.0000,3157.0000,3158.2000,3159.2000,3160.3999,3161.3999,3162.6001,3163.6001,3164.8000,3165.8000,3166.8000,3167.8000,
3168.8000,3169.6001,3170.3999,3171.0000,3172.0000,3173.0000,3173.8000,3174.8000,3175.6001,3176.3999,3177.0000,3178.0000,3179.0000,3179.8000,3180.8000,
3181.6001,3182.3999,3183.0000,3184.0000,3185.2000,3186.8000,3187.8000,3189.0000,3190.3999,3191.8000,3193.0000,3194.0000,3195.6001,3196.8000,3198.0000,
3199.2000,3200.6001,3201.2000,3202.0000,3203.0000,3203.8000,3204.8000,3205.8000,3206.3999,3207.2000,3208.0000,3209.0000,3209.8000,3210.8000,3211.6001,
3212.2000,3213.0000,3214.0000,3214.8000,3215.8000,3216.8000,3217.3999,3218.2000,3219.0000,3220.0000,3220.8000,3221.8000,3222.8000,3223.3999,3224.2000,
3225.0000,3226.0000,3226.8000,3227.8000,3228.8000,3229.3999,3230.2000,3231.0000,3232.0000,3232.8000,3233.2000,3234.0000,3234.8000,3235.2000,3236.0000,
3236.8000,3237.2000,3238.0000,3238.8000,3239.0000,3239.8000,3240.6001,3241.0000,3241.8000,3242.6001,3243.0000,3243.8000,3244.3999,3245.0000,3245.8000,
3246.3999,3247.0000,3247.8000,3248.8000,3250.8000,3253.0000,3255.0000,3257.2000,3259.6001,3261.8000,3263.8000,3265.0000,3265.8000,3266.8000,3267.8000,
3268.6001,3269.3999,3270.2000,3271.0000,3272.0000,3273.0000,3273.8000,3274.8000,3275.8000,3276.6001,3277.3999,3278.2000,3279.0000,3280.0000,3281.0000,
3282.3999,3283.8000,3284.8000,3286.0000,3287.0000,3288.6001,3289.8000,3290.8000,3292.0000,3293.2000,3294.6001,3295.8000,3296.8000,3297.3999,3298.0000,
3299.0000,3299.8000,3300.6001,3301.0000,3302.0000,3302.8000,3303.6001,3304.2000,3305.0000,3305.8000,3306.6001,3307.2000,3308.0000,3308.8000,3309.8000,
3310.2000,3311.0000,3311.8000,3312.8000,3313.8000,3314.8000,3315.8000,3316.8000,3317.8000,3318.8000,3319.8000,3320.8000,3321.8000,3322.8000,3323.8000,
3324.8000,3325.8000,3326.8000,3327.8000,3328.6001,3329.3999,3330.0000,3331.0000,3331.8000,3332.8000,3333.6001,3334.3999,3335.0000,3336.0000,3336.8000,
3337.8000,3338.6001,3339.3999,3340.0000,3341.0000,3341.8000,3342.8000,3343.6001,3344.3999,3345.0000,3345.8000,3346.8000,3347.3999,3348.0000,3349.0000,
3349.8000,3350.6001,3351.0000,3352.0000,3352.8000,3353.6001,3354.2000,3355.0000,3355.8000,3356.8000,3357.2000,3358.0000,3358.8000,3359.8000,3360.3999,
3361.2000,3362.0000,3363.0000,3364.0000,3365.0000,3366.0000,3366.8000,3367.8000,3368.8000,3369.8000,3370.6001,3371.3999,3372.2000,3373.0000,3374.0000,
3375.0000,3376.0000,3377.0000,3377.8000,3378.8000,3379.8000,3380.6001,3381.3999,3382.2000,3383.0000,3384.0000,3385.0000,3386.0000,3386.8000,3387.8000,
3388.8000,3389.6001,3390.3999,3391.2000,3392.0000,3392.8000,3393.2000,3393.8000,3394.6001,3395.0000,3395.8000,3396.0000,3396.8000,3397.0000,3397.8000,
3398.3999,3399.0000,3399.6001,3400.0000,3400.8000,3401.0000,3401.8000,3402.2000,3402.8000,3403.3999,3404.0000,3404.6001,3405.0000,3405.8000,3406.0000,
3406.8000,3407.2000,3407.8000,3408.6001,3409.2000,3410.0000,3411.0000,3412.0000,3412.8000,3413.8000,3414.6001,3415.3999,3416.2000,3417.0000,3418.0000,
3418.8000,3419.8000,3420.8000,3421.6001,3422.3999,3423.0000,3424.0000,3425.0000,3425.8000,3426.8000,3427.6001,3428.2000,3429.0000,3430.0000,3430.8000,
3431.8000,3432.6001,3433.2000,3434.0000,3435.0000,3435.8000,3436.8000,3437.6001,3438.3999,3439.0000,3440.0000,3441.0000,3441.8000,3442.8000,3443.6001,
3444.3999,3445.0000,3446.0000,3447.0000,3447.8000,3448.8000,3449.8000,3450.6001,3451.2000,3452.0000,3453.0000,3454.0000,3454.8000,3455.8000,3456.6001,
3457.2000,3458.0000,3458.8000,3459.8000,3460.6001,3461.2000,3462.0000,3462.8000,3463.8000,3464.3999,3465.0000,3466.0000,3466.8000,3467.8000,3468.3999,
3469.0000,3470.0000,3470.8000,3471.6001,3472.2000,3473.0000,3473.8000,3474.8000,3475.3999,3476.0000,3477.0000,3477.8000,3478.8000,3479.2000,3480.0000,
3480.8000,3481.8000,3482.6001,3483.0000,3484.0000,3484.8000,3485.8000,3486.3999,3487.0000,3488.0000,3488.8000,3489.2000,3490.0000,3490.8000,3491.0000,
3491.8000,3492.6001,3493.0000,3493.8000,3494.6001,3495.0000,3495.8000,3496.6001,3497.0000,3497.8000,3498.3999,3499.0000,3499.8000,3500.3999,3501.0000,
3501.8000,3502.3999,3503.0000,3503.8000,3504.2000,3505.0000,3506.0000,3506.8000,3507.6001,3508.2000,3509.0000,3510.0000,3510.8000,3511.6001,3512.2000,
3513.0000,3514.0000,3514.8000,3515.6001,3516.2000,3517.0000,3517.8000,3518.8000,3519.6001,3520.2000,3521.0000,3522.0000,3523.0000,3524.0000,3524.8000,
3525.8000,3526.8000,3527.8000,3528.8000,3529.6001,3530.3999,3531.2000,3532.0000,3533.0000,3534.0000,3535.0000,3535.8000,3536.8000,3537.0000,3537.8000,
3538.0000,3538.8000,3539.2000,3539.8000,3540.3999,3541.0000,3541.6001,3542.0000,3542.8000,3543.0000,3543.8000,3544.0000,3544.8000,3545.2000,3545.8000,
3546.3999,3547.0000,3547.6001,3548.0000,3548.8000,3549.0000,3549.8000,3550.0000,3550.8000,3551.2000,3551.8000,3552.6001,3553.3999,3554.2000,3555.0000,
3556.0000,3557.0000,3557.8000,3558.8000,3559.8000,3560.6001,3561.3999,3562.2000,3563.0000,3564.0000,3565.0000,3565.8000,3566.8000,3567.8000,3568.6001,
3569.0000,3570.0000,3570.8000,3571.3999,3572.0000,3573.0000,3573.8000,3574.3999,3575.0000,3575.8000,3576.8000,3577.3999,3578.0000,3578.8000,3579.8000,
3580.2000,3581.0000,3581.8000,3582.6001,3583.2000,3584.0000,3584.8000,3585.8000,3586.6001,3587.3999,3588.0000,3589.0000,3590.0000,3590.8000,3591.8000,
3592.6001,3593.3999,3594.0000,3595.0000,3596.0000,3596.8000,3597.8000,3598.6001,3599.3999,3600.0000,3601.0000,3601.8000,3602.2000,3603.0000,3603.8000,
3604.3999,3605.0000,3605.8000,3606.8000,3607.2000,3608.0000,3608.8000,3609.3999,3610.0000,3610.8000,3611.6001,3612.0000,3612.8000,3613.8000,3614.2000,
3615.0000,3615.8000,3616.3999,3617.0000,3618.0000,3618.8000,3619.8000,3620.3999,3621.0000,3622.0000,3622.8000,3623.6001,3624.2000,3625.0000,3626.0000,
3626.8000,3627.6001,3628.2000,3629.0000,3629.8000,3630.8000,3631.3999,3632.0000,3632.8000,3633.3999,3634.0000,3634.8000,3635.0000,3635.8000,3636.3999,
3637.0000,3637.8000,3638.0000,3638.8000,3639.3999,3640.0000,3640.8000,3641.0000,3641.8000,3642.3999,3643.0000,3643.8000,3644.0000,3644.8000,3645.3999,
3646.0000,3646.8000,3647.0000,3647.8000,3648.3999,3649.0000,3649.8000,3650.8000,3651.2000,3652.0000,3652.8000,3653.3999,3654.0000,3654.8000,3655.8000,
3656.2000,3657.0000,3657.8000,3658.3999,3659.0000,3659.8000,3660.6001,3661.0000,3662.0000,3662.8000,3663.3999,3664.0000,3664.8000,3665.8000,3666.2000,
3667.0000,3667.8000,3668.8000,3669.2000,3670.0000,3670.8000,3671.8000,3672.2000,3673.0000,3673.8000,3674.8000,3675.2000,3676.0000,3676.8000,3677.8000,
3678.2000,3679.0000,3679.8000,3680.3999,3681.0000,3681.6001,3682.0000,3682.8000,3683.0000,3683.8000,3684.0000,3684.8000,3685.2000,3685.8000,3686.2000,
3686.8000,3687.3999,3688.0000,3688.6001,3689.0000,3689.6001,3690.0000,3690.8000,3691.0000,3691.8000,3692.0000,3692.8000,3693.2000,3693.8000,3694.2000,
3694.8000,3695.3999,3696.0000,3696.8000,3697.3999,3698.0000,3699.0000,3699.8000,3700.8000,3701.6001,3702.2000,3703.0000,3704.0000,3704.8000,3705.8000,
3706.3999,3707.2000,3708.0000,3708.8000,3709.8000,3710.6001,3711.3999,3712.0000,3712.8000,3713.3999,3714.0000,3714.8000,3715.0000,3715.800 
,3716.3999,
3717.0000,3717.8000,3718.0000,3718.8000,3719.6001,3720.0000,3720.8000,3721.2000,3721.8000,3722.6001,3723.0000,3723.8000,3724.2000,3725.0000,3725.6001,
3726.0000,3726.8000,3727.2000,3728.0000,3728.8000,3729.2000,3730.0000,3730.8000,3731.6001,3732.0000,3733.0000,3733.8000,3734.3999,3735.0000,3735.8000,
3736.6001,3737.0000,3738.0000,3738.8000,3739.3999,3740.0000,3740.8000,3741.6001,3742.0000,3743.0000,3743.8000,3744.2000,3744.8000,3745.3999,3746.0000,
3746.3999,3747.0000,3747.6001,3748.0000,3748.8000,3749.0000,3749.8000,3750.0000,3750.8000,3751.0000,3751.8000,3752.0000,3752.8000,3753.2000,3753.8000,
3754.3999,3754.8000,3755.3999,3756.0000,3756.6001,3757.0000,3757.6001,3758.0000,3758.8000,3759.0000,3759.8000,3760.0000,3761.0000,3761.8000,3762.8000,
3763.3999,3764.0000,3765.0000,3765.8000,3766.8000,3767.6001,3768.3999,3769.0000,3770.0000,3770.8000,3771.8000,3772.6001,3773.2000,3774.0000,3775.0000,
3775.8000,3776.3999,3776.8000,3777.2000,3777.8000,3778.0000,3778.8000,3779.0000,3779.6001,3780.0000,3780.3999,3780.8000,3781.0000,3781.8000,3782.0000,
3782.8000,3783.0000,3783.3999,3783.8000,3784.2000,3784.8000,3785.0000,3785.8000,3786.0000,3786.6001,3787.0000,3787.3999,3787.8000,3788.2000,3788.8000,
3789.0000,3789.8000,3790.0000,3790.6001,3791.0000,3791.3999,3791.8000,3792.2000,3793.0000,3794.0000,3794.8000,3795.8000,3796.8000,3797.3999,3798.2000,
3799.0000,3800.0000,3800.8000,3801.8000,3802.8000,3803.3999,3804.2000,3805.0000,3806.0000,3806.8000,3807.8000,3808.3999,3808.8000,3809.3999,3810.0000,
3810.3999,3811.0000,3811.3999,3812.0000,3812.3999,3813.0000,3813.3999,3814.0000,3814.3999,3815.0000,3815.3999,3816.0000,3816.3999,3817.0000,3817.3999,
3818.0000,3818.3999,3819.0000,3819.3999,3820.0000,3820.3999,3821.0000,3821.3999,3822.0000,3822.3999,3823.0000,3823.6001,3824.0000,3824.6001,3825.0000,
3825.8000,3826.0000,3826.8000,3827.0000,3827.8000,3828.2000,3828.8000,3829.3999,3830.0000,3830.6001,3831.0000,3831.8000,3832.0000,3832.8000,3833.2000,
3833.8000,3834.3999,3835.0000,3835.3999,3836.0000,3836.6001,3837.0000,3837.8000,3838.0000,3838.8000,3839.2000,3839.8000,3840.3999,3841.0000,3841.8000,
3842.0000,3842.8000,3843.3999,3844.0000,3844.8000,3845.0000,3845.8000,3846.3999,3847.0000,3847.8000,3848.0000,3848.8000,3849.3999,3850.0000,3850.8000,
3851.0000,3851.8000,3852.3999,3853.0000,3853.8000,3854.0000,3854.8000,3855.3999,3856.0000,3856.8000,3857.2000,3858.0000,3858.8000,3859.2000,3860.0000,
3860.8000,3861.2000,3862.0000,3862.8000,3863.0000,3863.8000,3864.6001,3865.0000,3865.8000,3866.6001,3867.0000,3867.8000,3868.6001,3869.0000,3869.8000,
3870.6001,3871.0000,3871.8000,3872.3999,3873.0000,3873.8000,3874.6001,3875.0000,3875.8000,3876.6001,3877.0000,3877.8000,3878.6001,3879.0000,3879.8000,
3880.6001,3881.0000,3881.8000,3882.8000,3883.0000,3884.0000,3884.8000,3885.2000,3886.0000,3886.8000,3887.2000,3888.0000,3888.6001,3889.0000,3889.6001,
3890.0000,3890.6001,3891.0000,3891.6001,3892.0000,3892.8000,3893.0000,3893.8000,3894.0000,3894.8000,3895.0000,3895.8000,3896.0000,3896.8000,3897.0000,
3897.8000,3898.0000,3898.8000,3899.0000,3899.8000,3900.0000,3900.8000,3901.0000,3901.8000,3902.0000,3902.8000,3903.0000,3903.8000,3904.0000,3904.8000,
3905.8000,3906.2000,3907.0000,3907.8000,3908.3999,3909.0000,3909.8000,3910.8000,3911.2000,3912.0000,3912.8000,3913.3999,3914.0000,3914.8000,3915.6001,
3916.2000,3917.0000,3917.8000,3918.3999,3919.0000,3919.8000,3920.3999,3921.0000,3921.6001,3922.0000,3922.6001,3923.0000,3923.6001,3924.0000,3924.8000,
3925.0000,3925.8000,3926.0000,3926.8000,3927.0000,3927.8000,3928.0000,3928.8000,3929.0000,3929.8000,3930.2000,3930.8000,3931.2000,3931.8000,3932.2000,
3932.8000,3933.3999,3933.8000,3934.3999,3935.0000,3935.3999,3936.0000,3936.6001,3937.0000,3937.6001,3938.0000,3938.6001,3939.0000,3939.6001,3940.0000,
3940.6001,3941.0000,3941.8000,3942.0000,3942.8000,3943.0000,3943.8000,3944.0000,3944.8000,3945.0000,3945.8000,3946.0000,3946.8000,3947.0000,3947.8000,
3948.0000,3948.8000,3949.0000,3949.8000,3950.0000,3950.8000,3951.2000,3951.8000,3952.2000,3952.8000,3953.6001,3954.0000,3954.8000,3955.0000,3955.8000,
3956.3999,3957.0000,3957.8000,3958.0000,3958.8000,3959.2000,3960.0000,3960.6001,3961.0000,3961.8000,3962.2000,3962.8000,3963.6001,3964.0000,3964.8000,
3965.0000,3965.8000,3966.3999,3967.0000,3967.8000,3968.0000,3968.8000,3969.0000,3969.8000,3970.0000,3970.8000,3971.0000,3971.8000,3972.0000,3972.8000,
3973.0000,3973.8000,3974.0000,3974.8000,3975.0000,3975.8000,3976.0000,3976.8000,3977.0000,3977.8000,3978.0000,3978.8000,3979.0000,3979.8000,3980.0000,
3980.8000,3981.0000,3981.8000,3982.0000,3982.8000,3983.0000,3983.8000,3984.0000,3984.8000,3985.3999,3986.0000,3986.6001,3987.0000,3987.8000,3988.0000,
3988.8000,3989.0000,3989.8000,3990.3999,3991.0000,3991.6001,3992.0000,3992.8000,3993.0000,3993.8000,3994.0000,3994.8000,3995.3999,3996.0000,3996.6001,
3997.0000,3997.8000,3998.0000,3998.8000,3999.0000,3999.8000,4000.3999,4001.0000,4001.8000,4002.2000,4002.8000,4003.6001,4004.0000,4004.8000,4005.3999,
4006.0000,4006.8000,4007.2000,4008.0000,4008.6001,4009.0000,4009.8000,4010.3999,4011.0000,4011.8000,4012.2000,4013.0000,4013.8000,4014.0000,4014.8000,
4015.3999,4016.0000,4016.8000,4017.0000,4017.8000,4018.2000,4018.8000,4019.3999,4020.0000,4020.8000,4021.0000,4021.8000,4022.0000,4022.8000,4023.3999,
4024.0000,4024.6001,4025.0000,4025.8000,4026.0000,4026.8000,4027.2000,4027.8000,4028.3999,4029.0000,4029.6001,4030.0000,4030.8000,4031.0000,4031.8000,
4032.2000,4032.8000,4033.2000,4033.8000,4034.2000,4034.8000,4035.2000,4035.8000,4036.2000,4036.8000,4037.0000,4037.8000,4038.0000,4038.8000,4039.0000,
4039.8000,4040.0000,4040.8000,4041.0000,4041.8000,4042.0000,4042.8000,4043.0000,4043.8000,4044.0000,4044.8000,4045.0000,4045.8000,4046.0000,4046.8000,
4047.0000,4047.8000,4048.0000,4049.2000,4050.8000,4051.8000,4053.0000,4054.6001,4055.8000,4057.0000,4058.3999,4059.8000,4061.0000,4062.3999,4063.80
};