const float ADC_LUT[4096] = { 0,
48.6000,50.6000,52.6000,54.6000,56.6000,58.6000,60.6000,62.6000,64.6000,66.0000,67.4000,69.0000,70.4000,71.8000,73.2000,
74.8000,76.2000,77.8000,79.2000,80.6000,81.4000,82.0000,83.0000,83.8000,84.8000,85.8000,86.4000,87.0000,88.0000,89.0000,
89.8000,90.8000,91.4000,92.2000,93.0000,94.0000,94.8000,95.8000,96.8000,98.0000,99.0000,100.6000,101.8000,103.0000,104.4000,
105.8000,107.0000,108.2000,109.8000,110.8000,112.0000,113.6000,114.8000,116.0000,117.4000,118.8000,120.0000,121.4000,122.8000,124.0000,
125.4000,126.8000,128.0000,129.0000,130.0000,131.0000,132.2000,133.4000,134.4000,135.6000,136.8000,137.8000,138.8000,139.8000,140.8000,
141.8000,143.0000,144.0000,145.0000,146.0000,146.8000,147.8000,148.8000,149.8000,150.8000,151.6000,152.6000,153.4000,154.4000,155.2000,
156.0000,157.0000,158.0000,159.0000,160.0000,161.4000,163.0000,164.6000,166.0000,167.8000,169.0000,170.8000,172.0000,173.8000,175.2000,
176.8000,177.8000,178.8000,179.8000,180.8000,181.8000,182.8000,183.8000,185.0000,186.0000,187.0000,188.0000,189.0000,190.0000,191.0000,
192.0000,193.2000,194.6000,195.8000,197.0000,198.0000,199.2000,200.6000,201.8000,202.8000,204.0000,205.0000,206.4000,207.8000,208.8000,
209.8000,211.0000,212.0000,213.2000,214.4000,215.6000,216.8000,217.8000,218.8000,220.0000,221.0000,222.2000,223.4000,224.6000,225.6000,
226.6000,227.6000,228.6000,229.6000,230.6000,231.6000,232.4000,233.4000,234.4000,235.4000,236.4000,237.4000,238.4000,239.4000,240.4000,
241.6000,242.8000,243.8000,244.8000,245.8000,246.8000,248.0000,249.0000,250.0000,251.0000,252.2000,253.2000,254.4000,255.6000,256.8000,
257.8000,259.0000,260.0000,261.4000,262.8000,263.8000,265.0000,266.0000,267.4000,268.8000,269.8000,271.0000,272.0000,273.2000,274.6000,
275.8000,277.0000,278.0000,279.2000,280.6000,281.8000,283.0000,284.0000,285.2000,286.6000,287.8000,288.8000,290.0000,291.2000,292.6000,
293.8000,294.8000,296.0000,297.2000,298.6000,299.8000,300.8000,302.0000,303.2000,304.4000,305.8000,306.8000,307.8000,309.0000,310.0000,
311.0000,312.2000,313.4000,314.6000,315.8000,316.8000,317.8000,319.0000,320.0000,321.2000,322.4000,323.8000,324.8000,326.0000,327.0000,
328.2000,329.4000,330.8000,331.8000,333.0000,334.0000,335.0000,336.2000,337.0000,337.8000,338.8000,339.4000,340.0000,341.0000,341.8000,    
342.6000,343.0000,344.0000,344.8000,345.6000,346.2000,347.0000,347.8000,348.8000,349.4000,350.0000,350.8000,351.8000,352.8000,354.8000,    
356.8000,358.8000,360.8000,362.8000,364.6000,366.6000,368.2000,369.2000,370.2000,371.2000,372.2000,373.2000,374.2000,375.2000,376.2000,    
377.0000,378.0000,379.0000,380.0000,381.0000,382.0000,383.0000,384.0000,385.0000,386.0000,387.0000,388.0000,389.0000,390.0000,391.0000,    
392.0000,393.0000,394.0000,395.0000,396.0000,397.0000,398.0000,399.0000,400.0000,401.2000,402.8000,404.0000,405.2000,406.8000,408.0000,    
409.2000,410.8000,412.0000,413.2000,414.8000,416.0000,418.0000,420.2000,422.8000,424.8000,427.0000,429.0000,431.4000,432.8000,433.6000,
434.2000,435.0000,435.8000,436.8000,437.4000,438.0000,439.0000,439.8000,440.6000,441.2000,442.0000,442.8000,443.8000,444.4000,445.0000,    
446.0000,446.8000,447.8000,448.4000,449.6000,450.6000,451.8000,452.8000,453.8000,454.8000,455.8000,456.8000,457.8000,459.0000,460.0000,    
461.0000,462.0000,463.0000,464.0000,465.4000,466.6000,467.8000,468.8000,470.0000,471.0000,472.4000,473.8000,474.8000,476.0000,477.0000,    
478.2000,479.6000,480.8000,481.8000,482.8000,483.8000,484.8000,485.8000,486.8000,487.8000,488.8000,489.8000,490.8000,491.8000,492.8000,    
493.8000,494.8000,495.8000,496.8000,498.0000,499.6000,500.8000,502.2000,503.8000,505.0000,506.4000,507.8000,509.0000,510.6000,511.8000,    
513.2000,514.8000,516.0000,517.6000,518.8000,520.2000,521.8000,523.0000,524.6000,525.8000,527.0000,528.6000,529.4000,530.4000,531.2000,
532.0000,533.0000,534.0000,535.0000,536.0000,537.0000,537.8000,538.8000,539.8000,540.8000,541.8000,542.8000,543.6000,544.6000,545.8000,    
547.0000,548.2000,549.6000,550.8000,552.0000,553.0000,554.6000,555.8000,557.0000,558.0000,559.4000,560.8000,561.6000,562.4000,563.4000,    
564.2000,565.0000,566.0000,567.0000,568.0000,569.0000,569.8000,570.8000,571.8000,572.8000,573.8000,574.8000,575.6000,576.8000,578.0000,    
579.6000,581.0000,582.4000,583.8000,585.2000,586.8000,588.0000,589.8000,591.0000,592.4000,593.2000,594.0000,595.0000,596.0000,596.8000,    
597.8000,598.6000,599.4000,600.2000,601.0000,602.0000,602.8000,603.8000,604.8000,605.6000,606.2000,607.0000,608.0000,609.6000,611.0000,    
612.8000,614.0000,615.8000,617.4000,619.0000,620.6000,622.0000,623.8000,625.0000,626.0000,627.0000,628.0000,629.0000,630.2000,631.4000,
632.4000,633.6000,634.8000,635.8000,636.8000,637.8000,638.8000,640.0000,640.8000,641.8000,642.8000,643.4000,644.2000,645.0000,646.0000,    
646.8000,647.8000,648.6000,649.4000,650.2000,651.0000,652.0000,652.8000,653.8000,654.6000,655.4000,656.0000,657.2000,658.2000,659.4000,    
660.4000,661.6000,662.6000,663.6000,664.8000,665.8000,666.8000,667.8000,668.8000,669.8000,670.8000,671.8000,673.0000,674.0000,675.0000,    
676.0000,677.0000,678.2000,679.4000,680.6000,681.8000,682.8000,683.8000,684.8000,685.8000,687.0000,688.0000,689.2000,690.8000,692.0000,    
693.0000,694.6000,695.8000,697.0000,698.6000,699.8000,701.0000,702.4000,703.8000,704.8000,706.0000,707.0000,708.0000,709.0000,710.2000,
711.2000,712.4000,713.6000,714.8000,715.8000,716.8000,717.8000,718.8000,720.0000,721.0000,722.6000,723.8000,725.0000,726.2000,727.8000,    
728.8000,730.0000,731.4000,732.8000,734.0000,735.0000,736.6000,737.8000,738.8000,739.8000,741.0000,742.0000,743.2000,744.6000,745.8000,    
746.8000,748.0000,749.0000,750.0000,751.4000,752.6000,753.6000,754.6000,755.8000,756.8000,757.8000,758.8000,759.8000,760.8000,761.8000,    
762.8000,763.8000,764.8000,765.8000,767.0000,768.0000,769.0000,770.0000,771.4000,772.6000,773.8000,774.8000,776.0000,777.0000,778.2000,    
779.4000,780.8000,781.8000,783.0000,784.0000,785.0000,786.2000,787.4000,788.6000,789.8000,790.8000,791.8000,792.8000,794.0000,795.0000,    
796.0000,797.2000,798.4000,799.6000,800.8000,801.8000,802.8000,803.8000,805.0000,806.0000,807.0000,808.0000,809.2000,810.4000,811.6000,
812.8000,813.8000,814.8000,815.8000,817.0000,818.6000,819.8000,821.2000,822.8000,824.0000,825.4000,826.8000,828.0000,829.6000,831.0000,    
832.2000,833.0000,834.0000,835.0000,836.0000,836.8000,837.8000,838.8000,839.8000,840.6000,841.4000,842.2000,843.0000,844.0000,845.0000,    
846.0000,847.0000,847.8000,848.8000,850.0000,851.2000,852.4000,853.8000,854.8000,856.0000,857.0000,858.4000,859.8000,860.8000,862.0000,    
863.0000,864.2000,865.0000,866.0000,867.0000,868.0000,868.8000,869.8000,870.8000,871.6000,872.4000,873.2000,874.2000,875.0000,876.0000,    
877.0000,877.8000,878.8000,879.8000,881.0000,882.8000,884.4000,886.0000,887.8000,889.6000,891.0000,893.0000,894.8000,896.2000,897.2000,    
898.2000,899.2000,900.2000,901.2000,902.4000,903.4000,904.4000,905.4000,906.4000,907.4000,908.4000,909.4000,910.4000,911.4000,912.6000,
914.0000,915.2000,916.8000,918.0000,919.6000,920.8000,922.0000,923.8000,925.0000,926.4000,927.8000,928.8000,929.8000,930.6000,931.2000,    
932.0000,933.0000,933.8000,934.8000,935.8000,936.4000,937.0000,938.0000,939.0000,939.8000,940.8000,941.6000,942.2000,943.0000,944.0000,    
945.0000,946.0000,947.2000,948.4000,949.6000,950.8000,951.8000,952.8000,954.0000,955.0000,956.0000,957.2000,958.4000,959.6000,960.8000,    
962.0000,963.4000,964.8000,966.0000,967.6000,968.8000,970.0000,971.6000,972.8000,974.0000,975.8000,976.8000,977.8000,978.8000,979.8000,    
980.8000,981.8000,982.8000,983.8000,984.8000,985.8000,986.8000,987.8000,988.8000,989.8000,990.8000,991.8000,992.8000,994.0000,995.0000,
996.0000,997.2000,998.6000,999.8000,1000.8000,1001.8000,1003.0000,1004.0000,1005.2000,1006.6000,1007.8000,1009.8000,1012.8000,1015.8000,1018.8000,
1021.8000,1024.6000,1025.6000,1026.6000,1027.6000,1028.6000,1029.6000,1030.6000,1031.8000,1032.8000,1033.8000,1034.8000,1035.8000,1036.8000,1037.8000,
1038.8000,1039.8000,1040.8000,1042.0000,1043.0000,1044.4000,1045.8000,1046.8000,1048.0000,1049.0000,1050.4000,1051.8000,1052.8000,1054.0000,1055.0000,
1056.4000,1057.4000,1058.2000,1059.2000,1060.2000,1061.2000,1062.2000,1063.0000,1064.0000,1065.0000,1066.0000,1067.0000,1068.0000,1069.0000,1070.0000,
1071.0000,1072.0000,1073.8000,1075.0000,1076.8000,1078.2000,1080.0000,1081.6000,1083.0000,1084.8000,1086.2000,1087.8000,1089.0000,1090.0000,1091.0000,
1091.8000,1092.8000,1093.8000,1094.8000,1095.8000,1096.8000,1097.8000,1098.8000,1099.8000,1100.8000,1101.8000,1102.8000,1103.8000,1104.8000,1105.8000,
1106.8000,1107.8000,1108.8000,1109.8000,1110.8000,1111.8000,1112.8000,1113.8000,1114.8000,1115.8000,1116.8000,1117.8000,1118.8000,1119.8000,1121.2000,
1124.0000,1127.0000,1130.0000,1133.0000,1136.0000,1136.8000,1137.6000,1138.0000,1139.0000,1139.8000,1140.2000,1141.0000,1141.8000,1142.4000,1143.0000,
1143.8000,1144.4000,1145.0000,1145.8000,1146.6000,1147.0000,1148.0000,1148.8000,1149.2000,1150.0000,1150.8000,1151.4000,1152.0000,1153.8000,1155.2000,
1157.0000,1158.8000,1160.4000,1162.0000,1163.8000,1165.6000,1167.2000,1168.8000,1169.6000,1170.4000,1171.2000,1172.0000,1173.0000,1174.0000,1174.8000,
1175.8000,1176.8000,1177.6000,1178.4000,1179.2000,1180.0000,1181.0000,1182.0000,1182.8000,1183.8000,1184.8000,1185.8000,1186.8000,1187.8000,1189.0000,
1190.0000,1191.0000,1192.0000,1193.0000,1194.0000,1195.0000,1196.0000,1197.0000,1198.0000,1199.2000,1200.2000,1201.2000,1202.4000,1203.4000,1204.4000,
1205.4000,1206.4000,1207.4000,1208.6000,1209.6000,1210.6000,1211.6000,1212.6000,1213.8000,1214.8000,1215.8000,1216.8000,1217.8000,1218.8000,1219.8000,
1220.8000,1221.8000,1222.8000,1223.8000,1224.8000,1225.8000,1226.8000,1227.8000,1228.8000,1229.8000,1230.8000,1231.8000,1232.8000,1233.8000,1234.8000,
1235.8000,1236.6000,1237.6000,1238.4000,1239.4000,1240.2000,1241.2000,1242.0000,1243.0000,1244.0000,1245.0000,1246.0000,1247.0000,1248.0000,1249.0000,
1250.0000,1251.0000,1252.0000,1253.0000,1254.2000,1255.4000,1256.6000,1257.6000,1258.8000,1259.8000,1260.8000,1261.8000,1262.8000,1264.0000,1265.4000,
1266.8000,1268.4000,1269.8000,1271.2000,1272.8000,1274.2000,1275.8000,1277.2000,1278.8000,1280.2000,1281.0000,1282.0000,1283.0000,1284.0000,1285.0000,
1285.8000,1286.8000,1287.8000,1288.8000,1289.8000,1290.6000,1291.4000,1292.4000,1293.2000,1294.0000,1295.0000,1296.0000,1297.0000,1298.0000,1299.0000,
1300.0000,1301.0000,1302.0000,1303.0000,1304.0000,1305.0000,1306.0000,1307.0000,1308.0000,1309.0000,1309.8000,1310.8000,1311.8000,1313.0000,1314.2000,
1315.8000,1317.0000,1318.0000,1319.6000,1320.8000,1322.0000,1323.4000,1324.8000,1326.0000,1327.2000,1328.8000,1329.8000,1331.0000,1332.0000,1333.2000,
1334.4000,1335.8000,1336.8000,1338.0000,1339.0000,1340.0000,1341.4000,1342.8000,1343.8000,1344.8000,1345.8000,1346.8000,1347.8000,1348.8000,1349.8000,
1350.8000,1351.8000,1352.8000,1353.8000,1354.6000,1355.6000,1356.6000,1357.6000,1358.4000,1359.4000,1360.4000,1361.8000,1363.0000,1364.6000,1366.0000,
1367.2000,1368.8000,1370.0000,1371.4000,1372.8000,1374.0000,1375.4000,1376.8000,1377.8000,1378.8000,1379.8000,1380.8000,1381.8000,1382.8000,1383.8000,
1384.8000,1385.8000,1386.8000,1387.8000,1388.8000,1389.8000,1390.8000,1391.8000,1392.8000,1393.8000,1395.0000,1396.0000,1397.2000,1398.6000,1399.8000,
1400.8000,1402.0000,1403.2000,1404.4000,1405.8000,1406.8000,1408.0000,1409.0000,1410.6000,1411.8000,1413.0000,1414.0000,1415.6000,1416.8000,1418.0000,
1419.0000,1420.4000,1421.8000,1423.0000,1424.0000,1425.4000,1426.6000,1427.8000,1429.0000,1430.0000,1431.2000,1432.4000,1433.8000,1434.8000,1436.0000,
1437.0000,1438.2000,1439.6000,1440.6000,1441.4000,1442.0000,1443.0000,1443.8000,1444.8000,1445.6000,1446.2000,1447.0000,1448.0000,1448.8000,1449.8000,
1450.4000,1451.2000,1452.0000,1453.0000,1453.8000,1454.8000,1455.4000,1456.0000,1457.4000,1458.8000,1459.8000,1460.8000,1462.0000,1463.0000,1464.4000,
1465.6000,1466.8000,1467.8000,1469.0000,1470.0000,1471.2000,1472.4000,1473.2000,1474.2000,1475.0000,1476.0000,1477.0000,1478.0000,1478.8000,1479.8000,
1480.8000,1481.8000,1482.6000,1483.4000,1484.4000,1485.2000,1486.0000,1487.0000,1488.0000,1489.0000,1490.2000,1491.6000,1492.8000,1493.8000,1495.0000,
1496.0000,1497.2000,1498.6000,1499.8000,1500.8000,1502.0000,1503.0000,1504.2000,1506.0000,1507.8000,1509.8000,1511.2000,1513.0000,1514.8000,1516.8000,
1518.4000,1520.0000,1521.2000,1522.6000,1523.8000,1524.8000,1526.0000,1527.0000,1528.4000,1529.8000,1530.8000,1531.8000,1533.0000,1534.0000,1535.4000,
1536.6000,1537.0000,1538.0000,1538.8000,1539.8000,1540.4000,1541.0000,1542.0000,1542.8000,1543.6000,1544.2000,1545.0000,1545.8000,1546.8000,1547.4000,
1548.0000,1549.0000,1549.8000,1550.6000,1551.2000,1552.0000,1553.8000,1555.4000,1557.0000,1559.0000,1560.8000,1562.4000,1564.0000,1566.0000,1567.8000,
1569.0000,1570.0000,1571.0000,1572.0000,1573.0000,1574.0000,1575.0000,1576.0000,1577.0000,1578.0000,1579.0000,1580.0000,1581.0000,1582.0000,1583.0000,
1584.0000,1585.4000,1586.8000,1588.0000,1589.2000,1590.8000,1591.8000,1593.0000,1594.6000,1595.8000,1597.0000,1598.4000,1599.8000,1600.8000,1601.8000,
1602.8000,1603.8000,1604.6000,1605.4000,1606.4000,1607.2000,1608.2000,1609.0000,1610.0000,1611.0000,1612.0000,1613.0000,1614.0000,1614.8000,1615.8000,
1616.8000,1618.0000,1619.0000,1620.0000,1621.0000,1622.0000,1623.2000,1624.4000,1625.6000,1626.8000,1627.8000,1628.8000,1629.8000,1631.0000,1632.0000,
1632.8000,1633.8000,1634.6000,1635.2000,1636.0000,1637.0000,1637.8000,1638.8000,1639.4000,1640.0000,1641.0000,1641.8000,1642.8000,1643.6000,1644.2000,
1645.0000,1646.0000,1646.8000,1647.8000,1649.8000,1654.8000,1659.8000,1664.2000,1665.0000,1666.0000,1667.0000,1667.8000,1668.8000,1669.6000,1670.4000,
1671.0000,1672.0000,1673.0000,1673.8000,1674.8000,1675.6000,1676.4000,1677.2000,1678.0000,1679.0000,1679.8000,1680.8000,1682.0000,1683.0000,1684.0000,
1685.0000,1686.2000,1687.4000,1688.6000,1689.8000,1690.8000,1691.8000,1692.8000,1694.0000,1695.0000,1696.0000,1697.0000,1698.2000,1699.4000,1700.6000,
1701.8000,1702.8000,1703.8000,1704.8000,1706.0000,1707.0000,1708.0000,1709.0000,1710.0000,1711.2000,1712.4000,1713.2000,1714.0000,1715.0000,1716.0000,
1716.8000,1717.8000,1718.8000,1719.6000,1720.4000,1721.2000,1722.0000,1723.0000,1724.0000,1725.0000,1725.8000,1726.8000,1727.8000,1728.8000,1730.0000,
1731.8000,1733.0000,1734.8000,1736.0000,1737.6000,1739.0000,1740.6000,1742.0000,1743.4000,1744.8000,1745.4000,1746.0000,1747.0000,1747.8000,1748.8000,
1749.4000,1750.0000,1751.0000,1751.8000,1752.8000,1753.4000,1754.0000,1755.0000,1755.8000,1756.8000,1757.4000,1758.0000,1759.0000,1759.8000,1760.8000,
1762.0000,1763.2000,1764.6000,1765.8000,1767.0000,1768.0000,1769.4000,1770.8000,1771.8000,1773.0000,1774.2000,1775.6000,1776.8000,1777.8000,1778.8000,
1779.8000,1780.8000,1781.8000,1782.8000,1784.0000,1785.0000,1786.0000,1787.0000,1788.0000,1789.0000,1790.0000,1791.0000,1792.0000,1793.0000,1794.0000,
1795.0000,1795.8000,1796.8000,1797.8000,1798.6000,1799.4000,1800.2000,1801.0000,1802.0000,1803.0000,1804.0000,1804.8000,1805.8000,1806.8000,1807.8000,
1808.8000,1810.0000,1811.2000,1812.8000,1814.0000,1815.4000,1816.8000,1818.0000,1819.6000,1820.8000,1822.0000,1823.6000,1824.8000,1826.0000,1827.2000,
1828.6000,1829.8000,1831.0000,1832.0000,1833.4000,1834.8000,1835.8000,1837.0000,1838.2000,1839.6000,1840.8000,1841.8000,1843.0000,1844.0000,1845.4000,
1846.6000,1847.8000,1848.8000,1850.0000,1851.0000,1852.2000,1853.6000,1854.8000,1855.8000,1857.0000,1858.0000,1859.2000,1860.4000,1861.6000,1862.8000,
1863.8000,1865.0000,1866.0000,1867.0000,1868.4000,1869.6000,1870.8000,1871.8000,1872.8000,1873.8000,1874.8000,1875.8000,1876.8000,1877.8000,1878.6000,
1879.6000,1880.4000,1881.4000,1882.2000,1883.2000,1884.2000,1885.0000,1886.0000,1887.0000,1888.0000,1889.0000,1890.2000,1891.4000,1892.6000,1893.8000,
1894.8000,1895.8000,1896.8000,1898.0000,1899.0000,1900.0000,1901.2000,1902.4000,1903.6000,1904.8000,1905.6000,1906.4000,1907.4000,1908.2000,1909.2000,
1910.0000,1911.0000,1912.0000,1913.0000,1914.0000,1915.0000,1916.0000,1916.8000,1917.8000,1918.8000,1919.8000,1920.8000,1922.0000,1923.4000,1924.8000,
1925.8000,1927.0000,1928.4000,1929.8000,1931.0000,1932.2000,1933.6000,1934.8000,1936.0000,1937.2000,1938.6000,1939.8000,1941.0000,1942.0000,1943.6000,
1944.8000,1946.0000,1947.0000,1948.4000,1949.8000,1950.8000,1952.0000,1953.0000,1954.2000,1955.2000,1956.4000,1957.6000,1958.6000,1959.8000,1960.8000,
1961.8000,1962.8000,1963.8000,1965.0000,1966.0000,1967.0000,1968.0000,1969.8000,1971.0000,1972.8000,1974.0000,1975.8000,1977.0000,1978.8000,1980.2000,
1981.8000,1983.2000,1984.8000,1985.6000,1986.6000,1987.6000,1988.4000,1989.4000,1990.2000,1991.2000,1992.0000,1993.0000,1994.0000,1995.0000,1996.0000,
1997.0000,1998.0000,1999.0000,1999.8000,2001.0000,2002.0000,2003.2000,2004.4000,2005.8000,2006.8000,2007.8000,2009.0000,2010.0000,2011.2000,2012.6000,
2013.8000,2014.8000,2016.0000,2017.0000,2018.0000,2019.4000,2020.6000,2021.8000,2022.8000,2024.0000,2025.0000,2026.2000,2027.4000,2028.8000,2029.8000,
2030.8000,2032.0000,2032.8000,2033.0000,2033.8000,2034.0000,2034.6000,2035.0000,2035.6000,2036.0000,2036.4000,2037.0000,2037.4000,2037.8000,2038.2000,
2038.8000,2039.2000,2039.8000,2040.0000,2040.8000,2041.0000,2041.8000,2042.0000,2042.8000,2043.0000,2043.8000,2044.0000,2044.6000,2045.0000,2045.6000,
2046.0000,2046.4000,2047.0000,2047.4000,2047.8000,2048.6001,2049.8000,2050.8000,2051.8000,2052.8000,2053.8000,2054.8000,2055.8000,2056.8000,2057.8000,
2059.0000,2060.0000,2061.0000,2062.0000,2063.0000,2064.0000,2065.0000,2066.0000,2067.0000,2068.2000,2069.2000,2070.3999,2071.3999,2072.6001,2073.6001,
2074.6001,2075.8000,2076.8000,2077.8000,2078.8000,2079.8000,2080.8000,2081.8000,2083.0000,2084.0000,2085.0000,2086.0000,2087.0000,2088.0000,2089.0000,
2090.2000,2091.2000,2092.3999,2093.6001,2094.6001,2095.8000,2096.8000,2098.8000,2100.2000,2102.0000,2103.8000,2105.2000,2107.0000,2108.8000,2110.3999,
2112.0000,2113.0000,2114.0000,2114.8000,2115.8000,2116.8000,2117.6001,2118.3999,2119.2000,2120.0000,2121.0000,2122.0000,2122.8000,2123.8000,2124.8000,
2125.8000,2126.3999,2127.2000,2128.0000,2129.2000,2130.3999,2131.6001,2132.8000,2133.8000,2134.8000,2135.8000,2137.0000,2138.0000,2139.0000,2140.0000,
2141.2000,2142.3999,2143.6001,2144.8000,2145.8000,2146.8000,2148.0000,2149.0000,2150.0000,2151.0000,2152.2000,2153.3999,2154.6001,2155.8000,2156.8000,
2157.8000,2159.0000,2160.0000,2161.0000,2162.0000,2163.2000,2164.2000,2165.3999,2166.3999,2167.6001,2168.6001,2169.8000,2170.8000,2171.8000,2172.8000,
2173.8000,2174.8000,2176.0000,2177.0000,2178.0000,2179.0000,2180.0000,2181.0000,2182.0000,2183.0000,2183.8000,2184.8000,2185.8000,2186.8000,2187.8000,
2188.8000,2189.8000,2190.8000,2191.8000,2193.2000,2195.0000,2196.8000,2198.8000,2200.3999,2202.0000,2204.0000,2205.8000,2207.8000,2208.8000,2209.3999,
2210.0000,2210.8000,2211.8000,2212.3999,2213.0000,2213.8000,2214.8000,2215.2000,2216.0000,2216.8000,2217.6001,2218.2000,2219.0000,2219.8000,2220.6001,
2221.0000,2222.0000,2222.8000,2223.3999,2224.0000,2225.8000,2227.2000,2229.0000,2230.8000,2232.2000,2234.0000,2235.6001,2237.0000,2238.8000,2240.3999,
2241.8000,2242.8000,2244.0000,2245.0000,2246.3999,2247.8000,2248.8000,2250.0000,2251.2000,2252.6001,2253.8000,2254.8000,2256.0000,2257.0000,2258.0000,
2258.8000,2259.8000,2260.8000,2261.6001,2262.3999,2263.2000,2264.0000,2265.0000,2266.0000,2266.8000,2267.8000,2268.8000,2269.8000,2270.6001,2271.3999,
2272.3999,2274.0000,2276.0000,2277.8000,2279.8000,2281.3999,2283.2000,2285.0000,2287.0000,2288.3999,2289.0000,2289.8000,2290.8000,2291.2000,2292.0000,
2292.8000,2293.3999,2294.0000,2294.8000,2295.8000,2296.2000,2297.0000,2297.8000,2298.6001,2299.0000,2299.8000,2300.8000,2301.2000,2302.0000,2302.8000,
2303.6001,2304.0000,2305.2000,2306.3999,2307.3999,2308.6001,2309.8000,2310.8000,2311.8000,2312.8000,2314.0000,2315.0000,2316.0000,2317.0000,2318.2000,
2319.3999,2320.6001,2321.8000,2322.8000,2323.8000,2325.0000,2326.0000,2327.2000,2328.3999,2329.8000,2330.8000,2331.8000,2333.0000,2334.0000,2335.2000,
2336.3999,2337.8000,2338.8000,2339.8000,2341.0000,2342.0000,2343.2000,2344.3999,2345.8000,2346.8000,2347.8000,2349.0000,2350.0000,2351.2000,2352.6001,
2354.0000,2355.8000,2357.2000,2358.8000,2360.3999,2362.0000,2363.8000,2365.0000,2366.8000,2368.2000,2369.0000,2370.0000,2371.0000,2372.0000,2373.0000,
2374.0000,2375.0000,2375.8000,2376.8000,2377.8000,2378.8000,2379.8000,2380.8000,2381.8000,2382.6001,2383.3999,2384.2000,2385.0000,2385.8000,2386.3999,
2387.0000,2387.8000,2388.6001,2389.0000,2389.8000,2390.6001,2391.0000,2392.0000,2392.8000,2393.2000,2394.0000,2394.8000,2395.3999,2396.0000,2396.8000,
2397.3999,2398.0000,2398.8000,2399.6001,2400.0000,2402.6001,2405.0000,2407.2000,2409.8000,2412.0000,2414.3999,2416.3999,2417.3999,2418.2000,2419.0000,
2420.0000,2421.0000,2422.0000,2422.8000,2423.8000,2424.8000,2425.8000,2426.6001,2427.3999,2428.2000,2429.0000,2430.0000,2431.0000,2432.0000,2433.8000,
2435.3999,2437.0000,2439.0000,2440.8000,2442.6001,2444.2000,2446.0000,2448.0000,2449.0000,2450.0000,2451.2000,2452.3999,2453.6001,2454.8000,2455.8000,
2456.8000,2458.0000,2459.0000,2460.0000,2461.0000,2462.2000,2463.3999,2464.6001,2465.6001,2466.6001,2467.6001,2468.6001,2469.6001,2470.6001,2471.6001,
2472.6001,2473.6001,2474.6001,2475.6001,2476.6001,2477.6001,2478.6001,2479.6001,2480.6001,2481.6001,2482.6001,2483.6001,2484.6001,2485.6001,2486.6001,
2487.6001,2488.3999,2489.3999,2490.3999,2491.3999,2492.3999,2493.3999,2494.3999,2495.3999,2496.3999,2497.8000,2499.0000,2500.0000,2501.3999,2502.8000,
2504.0000,2505.0000,2506.6001,2507.8000,2509.0000,2510.2000,2511.6001,2512.8000,2514.3999,2516.0000,2517.6001,2519.0000,2520.8000,2522.0000,2523.8000,
2525.0000,2526.8000,2528.2000,2529.0000,2530.0000,2531.0000,2532.0000,2533.0000,2534.0000,2535.0000,2535.8000,2536.8000,2537.8000,2538.8000,2539.8000,
2540.8000,2541.8000,2542.6001,2543.6001,2544.6001,2545.8000,2546.8000,2548.0000,2549.2000,2550.3999,2551.8000,2552.8000,2554.0000,2555.0000,2556.3999,
2557.8000,2558.8000,2560.0000,2561.0000,2562.0000,2563.2000,2564.3999,2565.6001,2566.8000,2567.8000,2568.8000,2570.0000,2571.0000,2572.0000,2573.0000,
2574.2000,2575.3999,2576.6001,2577.8000,2578.8000,2580.0000,2581.0000,2582.0000,2583.2000,2584.3999,2585.6001,2586.8000,2587.8000,2589.0000,2590.0000,
2591.0000,2592.2000,2593.3999,2594.6001,2595.8000,2596.8000,2597.8000,2598.8000,2600.0000,2601.0000,2602.0000,2603.0000,2604.2000,2605.3999,2606.6001,
2607.8000,2608.8000,2610.0000,2611.3999,2612.8000,2614.0000,2615.3999,2616.8000,2618.0000,2619.2000,2620.8000,2622.0000,2623.0000,2624.6001,2625.6001,
2626.8000,2627.8000,2628.8000,2629.8000,2630.8000,2631.8000,2633.0000,2634.0000,2635.0000,2636.0000,2637.0000,2638.0000,2639.2000,2640.3999,2641.8000,
2643.0000,2644.8000,2646.0000,2647.6001,2649.0000,2650.3999,2651.8000,2653.0000,2654.8000,2656.0000,2657.0000,2657.8000,2658.8000,2659.8000,2660.3999,
2661.2000,2662.0000,2663.0000,2663.8000,2664.8000,2665.6001,2666.3999,2667.2000,2668.0000,2669.0000,2669.8000,2670.8000,2671.6001,2672.6001,2673.8000,
2675.0000,2676.0000,2677.3999,2678.8000,2680.0000,2681.0000,2682.3999,2683.8000,2684.8000,2686.0000,2687.3999,2688.6001,2689.8000,2690.8000,2691.8000,
2692.8000,2693.8000,2694.8000,2695.8000,2696.8000,2697.8000,2699.0000,2700.0000,2701.0000,2702.0000,2703.0000,2704.0000,2705.2000,2706.3999,2707.8000,
2708.8000,2710.0000,2711.0000,2712.0000,2713.3999,2714.8000,2715.8000,2716.8000,2718.0000,2719.0000,2720.3999,2721.6001,2722.8000,2723.8000,2724.8000,
2726.0000,2727.0000,2728.0000,2729.2000,2730.6001,2731.8000,2732.8000,2733.8000,2735.0000,2736.0000,2737.0000,2738.2000,2739.3999,2740.6001,2741.8000,
2742.8000,2743.8000,2744.8000,2746.0000,2747.0000,2748.0000,2749.2000,2750.3999,2751.6001,2752.8000,2754.0000,2755.8000,2757.0000,2758.6001,2760.0000,
2761.3999,2762.8000,2764.2000,2765.8000,2767.0000,2768.6001,2769.6001,2770.8000,2771.8000,2772.8000,2773.8000,2774.8000,2775.8000,2777.0000,2778.0000,
2779.0000,2780.0000,2781.0000,2782.0000,2783.2000,2784.2000,2785.0000,2786.0000,2786.8000,2787.8000,2788.6001,2789.3999,2790.0000,2791.0000,2792.0000,
2792.8000,2793.8000,2794.6001,2795.2000,2796.0000,2797.0000,2797.8000,2798.8000,2799.8000,2800.6001,2801.8000,2803.0000,2804.6001,2805.8000,2807.0000,
2808.3999,2809.8000,2811.0000,2812.3999,2813.8000,2815.0000,2816.2000,2817.6001,2818.8000,2819.8000,2821.0000,2822.0000,2823.0000,2824.2000,2825.6001,
2826.8000,2827.8000,2829.0000,2830.0000,2831.0000,2832.2000,2833.3999,2834.3999,2835.6001,2836.6001,2837.6001,2838.8000,2839.8000,2840.8000,2841.8000,
2842.8000,2843.8000,2844.8000,2845.8000,2846.8000,2847.8000,2849.0000,2850.6001,2851.8000,2853.0000,2854.6001,2855.8000,2857.0000,2858.6001,2859.8000,
2861.0000,2862.8000,2864.0000,2864.8000,2865.8000,2866.3999,2867.0000,2868.0000,2868.8000,2869.8000,2870.3999,2871.0000,2872.0000,2872.8000,2873.8000,
2874.3999,2875.0000,2876.0000,2876.8000,2877.8000,2878.3999,2879.0000,2880.0000,2880.8000,2881.8000,2882.3999,2883.0000,2884.0000,2884.8000,2885.8000,
2886.3999,2887.0000,2888.0000,2888.8000,2889.8000,2890.3999,2891.0000,2892.0000,2892.8000,2893.8000,2894.3999,2895.0000,2896.0000,2897.0000,2898.6001,
2899.8000,2901.0000,2902.8000,2904.0000,2905.2000,2906.8000,2908.0000,2909.3999,2910.8000,2912.0000,2913.3999,2914.8000,2915.8000,2917.0000,2918.3999,
2919.8000,2920.8000,2922.0000,2923.2000,2924.8000,2925.8000,2927.0000,2928.2000,2929.2000,2930.3999,2931.3999,2932.3999,2933.3999,2934.6001,2935.6001,
2936.6001,2937.8000,2938.8000,2939.8000,2940.8000,2941.8000,2942.8000,2943.8000,2944.8000,2945.8000,2946.3999,2947.2000,2948.0000,2949.0000,2950.0000,
2950.8000,2951.8000,2952.8000,2953.6001,2954.3999,2955.2000,2956.0000,2957.0000,2958.0000,2958.8000,2959.8000,2961.0000,2962.3999,2963.8000,2965.2000,
2966.8000,2968.0000,2969.8000,2971.0000,2972.8000,2974.0000,2975.6001,2976.8000,2977.6001,2978.3999,2979.2000,2980.0000,2981.0000,2981.8000,2982.8000,
2983.8000,2984.6001,2985.3999,2986.0000,2987.0000,2988.0000,2988.8000,2989.8000,2990.8000,2991.6001,2992.6001,2994.0000,2995.8000,2997.2000,2998.8000,
3000.6001,3002.0000,3003.8000,3005.2000,3006.8000,3008.3999,3009.0000,3010.0000,3011.0000,3011.8000,3012.8000,3013.6001,3014.3999,3015.2000,3016.0000,
3017.0000,3017.8000,3018.8000,3019.8000,3020.6001,3021.2000,3022.0000,3023.0000,3024.0000,3025.0000,3026.2000,3027.8000,3028.8000,3030.0000,3031.2000,
3032.8000,3033.8000,3035.0000,3036.3999,3037.8000,3038.8000,3040.0000,3041.6001,3042.8000,3044.0000,3045.3999,3046.8000,3048.0000,3049.2000,3050.8000,
3052.0000,3053.2000,3054.8000,3055.8000,3057.8000,3059.8000,3061.8000,3063.8000,3065.8000,3067.8000,3069.8000,3071.8000,3073.0000,3073.8000,3074.8000,
3075.6001,3076.3999,3077.2000,3078.0000,3079.0000,3080.0000,3080.8000,3081.8000,3082.6001,3083.3999,3084.2000,3085.0000,3086.0000,3087.0000,3087.8000,
3088.8000,3090.0000,3091.0000,3092.2000,3093.6001,3094.8000,3095.8000,3097.0000,3098.0000,3099.3999,3100.6001,3101.8000,3102.8000,3104.0000,3105.0000,
3106.0000,3107.2000,3108.3999,3109.3999,3110.6001,3111.8000,3112.8000,3113.8000,3114.8000,3115.8000,3117.0000,3118.0000,3119.0000,3120.0000,3121.0000,
3122.0000,3123.0000,3123.8000,3124.8000,3125.8000,3126.8000,3127.8000,3128.6001,3129.3999,3130.3999,3131.2000,3132.0000,3133.0000,3134.0000,3135.0000,
3136.0000,3136.8000,3137.8000,3138.8000,3139.8000,3140.8000,3141.8000,3142.8000,3143.8000,3144.8000,3145.8000,3146.8000,3147.8000,3148.6001,3149.6001,
3150.6001,3151.3999,3152.6001,3154.0000,3155.8000,3157.0000,3158.8000,3160.0000,3161.8000,3163.2000,3164.8000,3166.3999,3168.0000,3168.8000,3169.8000,
3170.6001,3171.2000,3172.0000,3172.8000,3173.8000,3174.6001,3175.2000,3176.0000,3177.0000,3177.8000,3178.6001,3179.2000,3180.0000,3181.0000,3181.8000,
3182.8000,3183.3999,3184.0000,3185.0000,3185.8000,3186.8000,3187.8000,3188.3999,3189.0000,3190.0000,3191.0000,3191.8000,3192.8000,3193.6001,3194.2000,
3195.0000,3196.0000,3196.8000,3197.8000,3198.6001,3199.3999,3200.0000,3201.6001,3202.8000,3204.0000,3205.6001,3206.8000,3208.0000,3209.6001,3210.8000,
3212.0000,3213.6001,3214.8000,3216.0000,3217.0000,3217.8000,3218.8000,3219.6001,3220.2000,3221.0000,3222.0000,3222.8000,3223.8000,3224.6001,3225.2000,
3226.0000,3227.0000,3227.8000,3228.8000,3229.3999,3230.0000,3231.0000,3231.8000,3233.0000,3234.0000,3235.3999,3236.8000,3237.8000,3239.0000,3240.2000,
3241.6001,3242.8000,3244.0000,3245.0000,3246.3999,3247.8000,3248.8000,3249.3999,3250.0000,3251.0000,3251.8000,3252.8000,3253.3999,3254.0000,3255.0000,
3255.8000,3256.8000,3257.3999,3258.0000,3259.0000,3259.8000,3260.8000,3261.3999,3262.0000,3263.0000,3263.8000,3264.8000,3265.8000,3266.8000,3267.8000,
3269.0000,3270.0000,3271.0000,3272.0000,3273.0000,3274.0000,3275.0000,3276.2000,3277.2000,3278.3999,3279.3999,3280.3999,3281.3999,3282.2000,3283.0000,
3284.0000,3285.0000,3286.0000,3286.8000,3287.8000,3288.8000,3289.8000,3290.6001,3291.6001,3292.3999,3293.2000,3294.0000,3295.0000,3296.0000,3297.0000,
3297.8000,3298.8000,3299.6001,3300.3999,3301.0000,3302.0000,3303.0000,3303.8000,3304.8000,3305.6001,3306.3999,3307.2000,3308.0000,3309.0000,3309.8000,
3310.8000,3311.8000,3312.6001,3313.3999,3314.2000,3315.2000,3316.0000,3317.0000,3318.0000,3319.0000,3320.0000,3321.0000,3321.8000,3322.8000,3323.8000,
3324.8000,3325.8000,3326.8000,3327.6001,3328.3999,3329.0000,3329.8000,3330.6001,3331.0000,3332.0000,3332.8000,3333.3999,3334.0000,3334.8000,3335.6001,
3336.0000,3337.0000,3337.8000,3338.2000,3339.0000,3339.8000,3340.6001,3341.0000,3341.8000,3342.8000,3343.2000,3344.0000,3345.0000,3346.2000,3347.8000,
3348.8000,3350.0000,3351.2000,3352.6001,3353.8000,3355.0000,3356.0000,3357.6001,3358.8000,3360.0000,3360.8000,3361.3999,3362.0000,3362.8000,3363.3999,
3364.0000,3364.8000,3365.6001,3366.0000,3366.8000,3367.6001,3368.0000,3368.8000,3369.6001,3370.0000,3370.8000,3371.6001,3372.0000,3372.8000,3373.6001,
3374.0000,3374.8000,3375.8000,3376.2000,3377.3999,3378.3999,3379.6001,3380.8000,3381.8000,3382.8000,3383.8000,3385.0000,3386.0000,3387.0000,3388.0000,
3389.2000,3390.3999,3391.3999,3392.3999,3392.8000,3393.3999,3394.0000,3394.6001,3395.0000,3395.8000,3396.0000,3396.8000,3397.0000,3397.8000,3398.0000,
3398.8000,3399.2000,3399.8000,3400.2000,3400.8000,3401.3999,3402.0000,3402.6001,3403.0000,3403.6001,3404.0000,3404.8000,3405.0000,3405.8000,3406.0000,
3406.8000,3407.2000,3407.8000,3408.3999,3409.0000,3409.8000,3410.8000,3411.3999,3412.0000,3412.8000,3413.8000,3414.3999,3415.0000,3415.8000,3416.8000,
3417.3999,3418.0000,3418.8000,3419.8000,3420.3999,3421.0000,3421.8000,3422.8000,3423.3999,3424.0000,3425.0000,3426.0000,3427.0000,3428.0000,3429.0000,
3430.0000,3431.0000,3432.0000,3433.2000,3434.2000,3435.2000,3436.2000,3437.2000,3438.3999,3439.3999,3440.3999,3441.0000,3442.0000,3443.0000,3443.8000,
3444.8000,3445.6001,3446.3999,3447.2000,3448.0000,3449.0000,3449.8000,3450.8000,3451.8000,3452.6001,3453.2000,3454.0000,3455.0000,3456.0000,3456.8000,
3457.3999,3458.0000,3458.8000,3459.8000,3460.2000,3461.0000,3461.8000,3462.6001,3463.0000,3464.0000,3464.8000,3465.3999,3466.0000,3466.8000,3467.8000,
3468.3999,3469.0000,3469.8000,3470.6001,3471.2000,3472.0000,3472.8000,3473.8000,3474.8000,3475.6001,3476.3999,3477.2000,3478.0000,3479.0000,3480.0000,
3481.0000,3481.8000,3482.8000,3483.8000,3484.6001,3485.3999,3486.2000,3487.0000,3488.0000,3489.0000,3489.8000,3490.8000,3491.3999,3492.0000,3493.0000,
3493.8000,3494.8000,3495.6001,3496.2000,3497.0000,3497.8000,3498.8000,3499.6001,3500.2000,3501.0000,3502.0000,3502.8000,3503.8000,3504.3999,3505.0000,
3505.8000,3506.3999,3507.0000,3507.8000,3508.3999,3509.0000,3509.8000,3510.3999,3511.0000,3511.8000,3512.6001,3513.0000,3513.8000,3514.6001,3515.0000,
3515.8000,3516.6001,3517.0000,3517.8000,3518.6001,3519.0000,3519.8000,3520.8000,3521.3999,3522.0000,3523.0000,3523.8000,3524.8000,3525.3999,3526.0000,
3527.0000,3527.8000,3528.8000,3529.3999,3530.2000,3531.0000,3531.8000,3532.8000,3533.6001,3534.2000,3535.0000,3535.8000,3536.8000,3537.3999,3538.0000,
3538.8000,3539.8000,3540.2000,3541.0000,3541.8000,3542.6001,3543.0000,3544.0000,3544.8000,3545.3999,3546.0000,3546.8000,3547.8000,3548.3999,3549.0000,
3549.8000,3550.8000,3551.2000,3552.0000,3552.8000,3553.6001,3554.0000,3555.0000,3555.8000,3556.6001,3557.0000,3558.0000,3558.8000,3559.3999,3560.0000,
3561.0000,3561.8000,3562.3999,3563.0000,3563.8000,3564.8000,3565.3999,3566.0000,3566.8000,3567.8000,3568.2000,3569.0000,3569.8000,3570.6001,3571.0000,
3572.0000,3572.8000,3573.3999,3574.0000,3574.8000,3575.6001,3576.0000,3577.0000,3577.8000,3578.3999,3579.0000,3579.8000,3580.8000,3581.2000,3582.0000,
3582.8000,3583.3999,3584.0000,3585.0000,3585.8000,3586.6001,3587.0000,3588.0000,3588.8000,3589.6001,3590.2000,3591.0000,3591.8000,3592.8000,3593.2000,
3594.0000,3594.8000,3595.8000,3596.3999,3597.0000,3597.8000,3598.8000,3599.3999,3600.0000,3600.8000,3601.8000,3602.2000,3603.0000,3603.8000,3604.2000,
3605.0000,3605.8000,3606.3999,3607.0000,3607.8000,3608.6001,3609.0000,3609.8000,3610.8000,3611.2000,3612.0000,3612.8000,3613.3999,3614.0000,3614.8000,
3615.3999,3616.0000,3616.8000,3617.8000,3618.6001,3619.0000,3620.0000,3620.8000,3621.8000,3622.2000,3623.0000,3624.0000,3624.8000,3625.6001,3626.0000,
3627.0000,3627.8000,3628.8000,3629.3999,3630.0000,3631.0000,3631.8000,3632.3999,3633.0000,3633.6001,3634.0000,3634.8000,3635.0000,3635.8000,3636.2000,
3637.0000,3637.6001,3638.0000,3638.8000,3639.0000,3639.8000,3640.2000,3640.8000,3641.3999,3642.0000,3642.6001,3643.0000,3643.8000,3644.0000,3644.8000,
3645.3999,3646.0000,3646.6001,3647.0000,3647.8000,3648.0000,3649.0000,3649.8000,3650.8000,3651.6001,3652.3999,3653.0000,3654.0000,3654.8000,3655.8000,
3656.6001,3657.3999,3658.0000,3659.0000,3659.8000,3660.8000,3661.8000,3662.3999,3663.0000,3664.0000,3664.8000,3665.2000,3666.0000,3666.8000,3667.0000,
3667.8000,3668.3999,3669.0000,3669.8000,3670.2000,3670.8000,3671.6001,3672.0000,3672.8000,3673.3999,3674.0000,3674.8000,3675.0000,3675.8000,3676.6001,
3677.0000,3677.8000,3678.2000,3679.0000,3679.6001,3680.0000,3680.8000,3681.6001,3682.0000,3683.0000,3683.8000,3684.2000,3685.0000,3685.8000,3686.3999,
3687.0000,3687.8000,3688.3999,3689.0000,3689.8000,3690.6001,3691.0000,3691.8000,3692.8000,3693.2000,3694.0000,3694.8000,3695.2000,3696.0000,3696.8000,
3697.6001,3698.2000,3699.0000,3699.8000,3700.8000,3701.3999,3702.0000,3702.8000,3703.8000,3704.3999,3705.0000,3706.0000,3706.8000,3707.6001,3708.0000,
3709.0000,3709.8000,3710.6001,3711.2000,3712.0000,3712.8000,3713.2000,3714.0000,3714.8000,3715.0000,3715.8000,3716.3999,3717.0000,3717.8000,3718.2000,
3718.8000,3719.6001,3720.0000,3720.8000,3721.3999,3722.0000,3722.8000,3723.0000,3723.8000,3724.6001,3725.0000,3725.8000,3726.2000,3727.0000,3727.8000,
3728.0000,3728.8000,3729.0000,3729.8000,3730.2000,3730.8000,3731.2000,3731.8000,3732.2000,3732.8000,3733.3999,3733.8000,3734.3999,3735.0000,3735.3999,
3736.0000,3736.6001,3737.0000,3737.6001,3738.0000,3738.6001,3739.0000,3739.8000,3740.0000,3740.8000,3741.0000,3741.8000,3742.0000,3742.8000,3743.0000,
3743.8000,3744.2000,3745.0000,3745.8000,3746.0000,3746.8000,3747.6001,3748.0000,3748.8000,3749.6001,3750.0000,3750.8000,3751.3999,3752.0000,3752.8000,
3753.3999,3754.0000,3754.8000,3755.2000,3756.0000,3756.8000,3757.2000,3758.0000,3758.8000,3759.0000,3759.8000,3760.8000,3761.3999,3762.0000,3763.0000,
3763.8000,3764.6001,3765.2000,3766.0000,3767.0000,3767.8000,3768.6001,3769.2000,3770.0000,3770.8000,3771.8000,3772.3999,3773.0000,3774.0000,3774.8000,
3775.8000,3776.2000,3776.8000,3777.3999,3778.0000,3778.6001,3779.0000,3779.8000,3780.0000,3780.8000,3781.0000,3781.8000,3782.2000,3782.8000,3783.3999,
3784.0000,3784.3999,3785.0000,3785.6001,3786.0000,3786.8000,3787.0000,3787.8000,3788.0000,3788.8000,3789.2000,3789.8000,3790.3999,3791.0000,3791.6001,
3792.0000,3792.8000,3793.0000,3793.8000,3794.0000,3794.8000,3795.0000,3795.8000,3796.2000,3796.8000,3797.2000,3797.8000,3798.3999,3799.0000,3799.6001,
3800.0000,3800.6001,3801.0000,3801.8000,3802.0000,3802.8000,3803.0000,3803.8000,3804.2000,3804.8000,3805.2000,3805.8000,3806.3999,3807.0000,3807.6001,
3808.0000,3808.8000,3809.6001,3810.2000,3811.0000,3811.8000,3812.8000,3813.3999,3814.0000,3815.0000,3815.8000,3816.8000,3817.3999,3818.0000,3819.0000,
3819.8000,3820.8000,3821.3999,3822.0000,3823.0000,3823.8000,3824.3999,3825.0000,3825.3999,3826.0000,3826.3999,3826.8000,3827.3999,3827.8000,3828.3999,
3828.8000,3829.3999,3829.8000,3830.2000,3830.8000,3831.2000,3831.8000,3832.2000,3832.8000,3833.2000,3833.8000,3834.2000,3834.8000,3835.2000,3835.8000,
3836.2000,3836.8000,3837.0000,3837.8000,3838.0000,3838.8000,3839.0000,3839.8000,3840.0000,3840.8000,3841.3999,3842.0000,3842.8000,3843.0000,3843.8000,
3844.3999,3845.0000,3845.8000,3846.2000,3846.8000,3847.6001,3848.0000,3848.8000,3849.2000,3849.8000,3850.6001,3851.0000,3851.8000,3852.2000,3853.0000,
3853.6001,3854.0000,3854.8000,3855.2000,3856.0000,3856.6001,3857.0000,3857.6001,3858.0000,3858.6001,3859.0000,3859.8000,3860.0000,3860.8000,3861.0000,
3861.8000,3862.0000,3862.8000,3863.0000,3863.8000,3864.0000,3864.8000,3865.0000,3865.8000,3866.0000,3866.8000,3867.0000,3867.8000,3868.0000,3868.8000,
3869.2000,3869.8000,3870.2000,3870.8000,3871.2000,3871.8000,3872.3999,3873.0000,3874.0000,3874.8000,3875.8000,3876.8000,3877.3999,3878.0000,3879.0000,
3879.8000,3880.8000,3881.6001,3882.3999,3883.0000,3884.0000,3884.8000,3885.8000,3886.6001,3887.2000,3888.0000,3888.8000,3889.0000,3889.8000,3890.0000,
3890.8000,3891.0000,3891.6001,3892.0000,3892.6001,3893.0000,3893.6001,3894.0000,3894.3999,3894.8000,3895.3999,3895.8000,3896.2000,3896.8000,3897.2000,
3897.8000,3898.2000,3898.8000,3899.0000,3899.8000,3900.0000,3900.8000,3901.0000,3901.8000,3902.0000,3902.8000,3903.0000,3903.6001,3904.0000,3904.6001,
3905.0000,3905.8000,3906.0000,3906.8000,3907.0000,3907.8000,3908.0000,3908.8000,3909.0000,3909.8000,3910.0000,3910.8000,3911.0000,3911.8000,3912.0000,
3912.8000,3913.2000,3913.8000,3914.2000,3914.8000,3915.2000,3915.8000,3916.2000,3916.8000,3917.3999,3917.8000,3918.3999,3919.0000,3919.3999,3920.0000,
3920.6001,3921.0000,3921.8000,3922.8000,3923.2000,3924.0000,3924.8000,3925.2000,3926.0000,3926.8000,3927.2000,3928.0000,3928.8000,3929.3999,3930.0000,
3930.8000,3931.3999,3932.0000,3932.8000,3933.6001,3934.0000,3934.8000,3935.6001,3936.0000,3936.8000,3937.0000,3937.6001,3938.0000,3938.3999,3938.8000,
3939.0000,3939.8000,3940.0000,3940.6001,3941.0000,3941.3999,3941.8000,3942.0000,3942.8000,3943.0000,3943.6001,3944.0000,3944.3999,3944.8000,3945.0000,
3945.8000,3946.0000,3946.6001,3947.0000,3947.3999,3947.8000,3948.2000,3948.8000,3949.0000,3949.8000,3950.0000,3950.3999,3950.8000,3951.2000,3951.8000,
3952.0000,3952.8000,3953.8000,3954.3999,3955.0000,3956.0000,3956.8000,3957.6001,3958.2000,3959.0000,3959.8000,3960.8000,3961.3999,3962.0000,3963.0000,
3963.8000,3964.6001,3965.2000,3966.0000,3966.8000,3967.8000,3968.3999,3969.0000,3969.8000,3970.2000,3971.0000,3971.8000,3972.2000,3973.0000,3973.8000,
3974.2000,3975.0000,3975.8000,3976.2000,3977.0000,3977.8000,3978.2000,3979.0000,3979.8000,3980.2000,3981.0000,3981.8000,3982.2000,3983.0000,3983.8000,
3984.2000,3984.8000,3985.0000,3985.6001,3986.0000,3986.3999,3986.8000,3987.2000,3987.8000,3988.0000,3988.6001,3989.0000,3989.3999,3989.8000,3990.0000,
3990.8000,3991.0000,3991.6001,3992.0000,3992.3999,3992.8000,3993.0000,3993.8000,3994.0000,3994.6001,3995.0000,3995.3999,3995.8000,3996.0000,3996.8000,
3997.0000,3997.6001,3998.0000,3998.3999,3998.8000,3999.0000,3999.8000,4000.0000,4000.8000,4001.2000,4002.0000,4002.8000,4003.0000,4003.8000,4004.6001,
4005.0000,4005.8000,4006.3999,4007.0000,4007.8000,4008.0000,4008.8000,4009.6001,4010.0000,4010.8000,4011.3999,4012.0000,4012.8000,4013.2000,4014.0000,
4014.8000,4015.0000,4015.8000,4016.3999,4016.8000,4017.3999,4017.8000,4018.2000,4018.8000,4019.2000,4019.8000,4020.2000,4020.8000,4021.0000,4021.8000,
4022.0000,4022.8000,4023.0000,4023.8000,4024.0000,4024.8000,4025.0000,4025.8000,4026.0000,4026.6001,4027.0000,4027.6001,4028.0000,4028.6001,4029.0000,
4029.3999,4030.0000,4030.3999,4030.8000,4031.3999,4031.8000,4032.2000,4032.8000,4033.2000,4033.8000,4034.0000,4034.8000,4035.0000,4035.8000,4036.0000,
4036.6001,4037.0000,4037.6001,4038.0000,4038.3999,4038.8000,4039.3999,4039.8000,4040.2000,4040.8000,4041.0000,4041.8000,4042.0000,4042.8000,4043.0000,
4043.8000,4044.0000,4044.6001,4045.0000,4045.6001,4046.0000,4046.3999,4046.8000,4047.2000,4047.8000,4048.8000,4052.0000,4055.8000,4059.0000,4062.80
};