const float ADC_LUT[4096] = { 0,
48.8000,50.8000,52.8000,54.8000,56.6000,58.4000,60.2000,62.0000,64.0000,65.6000,66.8000,68.0000,69.6000,70.8000,72.0000,
73.8000,75.0000,76.2000,77.8000,79.0000,80.2000,81.0000,82.0000,82.8000,83.8000,84.8000,85.4000,86.2000,87.0000,88.0000,
88.8000,89.8000,90.8000,91.4000,92.2000,93.0000,94.0000,94.8000,95.8000,96.8000,98.0000,99.0000,100.4000,101.8000,102.8000,
104.0000,105.2000,106.6000,107.8000,109.0000,110.0000,111.4000,112.8000,114.0000,115.6000,116.8000,118.2000,119.8000,121.0000,122.6000,
123.8000,125.2000,126.8000,128.0000,129.0000,130.2000,131.4000,132.8000,133.8000,134.8000,136.0000,137.0000,138.0000,139.0000,140.4000,
141.6000,142.8000,143.8000,144.8000,146.0000,147.0000,148.2000,149.6000,150.8000,151.8000,153.0000,154.0000,155.2000,156.6000,157.8000,
158.8000,160.0000,161.2000,162.8000,164.0000,165.4000,166.8000,168.0000,169.4000,170.8000,172.0000,173.4000,174.8000,176.0000,177.0000,
178.0000,179.0000,179.8000,180.8000,181.8000,182.8000,183.8000,184.8000,185.6000,186.4000,187.4000,188.2000,189.2000,190.0000,191.0000,
192.0000,193.4000,194.8000,196.0000,197.8000,199.0000,200.6000,202.0000,203.2000,204.8000,206.0000,207.8000,208.8000,209.8000,210.4000,
211.2000,212.0000,213.0000,213.8000,214.8000,215.8000,216.6000,217.2000,218.0000,219.0000,220.0000,220.8000,221.8000,222.6000,223.4000,
224.2000,225.8000,227.0000,228.4000,229.8000,231.0000,232.6000,234.0000,235.2000,236.8000,238.0000,239.4000,240.8000,241.8000,242.8000,
243.8000,245.0000,246.0000,247.0000,248.0000,249.0000,250.2000,251.2000,252.4000,253.6000,254.6000,255.8000,256.8000,258.0000,259.0000,
260.4000,261.8000,262.8000,264.0000,265.0000,266.4000,267.8000,268.8000,270.0000,271.2000,272.4000,273.6000,274.6000,275.6000,276.8000,
277.8000,278.8000,279.8000,280.8000,281.8000,282.8000,283.8000,284.8000,286.0000,287.0000,288.0000,289.2000,290.8000,291.8000,293.0000,
294.6000,295.8000,297.0000,298.4000,299.8000,301.0000,302.4000,303.8000,304.8000,306.0000,307.0000,308.2000,309.4000,310.8000,311.8000,
312.8000,314.0000,315.0000,316.2000,317.4000,318.8000,319.8000,320.8000,321.8000,322.8000,323.8000,324.8000,325.8000,326.8000,327.8000,
328.8000,329.8000,331.0000,332.0000,333.0000,334.0000,335.0000,336.0000,337.0000,338.0000,339.0000,340.0000,341.0000,342.0000,343.2000,    
344.2000,345.2000,346.4000,347.4000,348.6000,349.6000,350.8000,351.8000,352.8000,354.0000,355.0000,356.4000,357.8000,358.8000,360.0000,    
361.2000,362.8000,363.8000,365.0000,366.2000,367.6000,368.8000,369.8000,370.8000,371.8000,372.8000,374.0000,375.0000,376.0000,377.0000,    
378.0000,379.0000,380.0000,381.0000,382.2000,383.2000,384.6000,386.0000,387.6000,389.0000,390.8000,392.0000,393.8000,395.0000,396.8000,    
398.2000,399.8000,400.8000,401.8000,402.8000,403.4000,404.2000,405.0000,406.0000,406.8000,407.8000,408.6000,409.4000,410.0000,411.0000,
412.0000,412.8000,413.8000,414.6000,415.4000,416.0000,417.8000,419.2000,420.8000,422.2000,423.8000,425.4000,427.0000,428.4000,430.0000,    
431.6000,432.8000,433.8000,434.8000,435.6000,436.4000,437.4000,438.2000,439.0000,440.0000,441.0000,442.0000,443.0000,443.8000,444.8000,    
445.8000,446.8000,447.8000,448.8000,450.0000,451.0000,452.6000,453.8000,455.0000,456.2000,457.8000,458.8000,460.0000,461.6000,462.8000,    
464.0000,465.0000,465.8000,466.8000,467.6000,468.4000,469.2000,470.0000,471.0000,471.8000,472.8000,473.8000,474.4000,475.2000,476.0000,    
477.0000,477.8000,478.8000,479.8000,480.8000,483.0000,485.0000,487.0000,489.0000,491.0000,493.0000,495.2000,496.8000,497.8000,498.8000,    
499.8000,500.8000,501.6000,502.6000,503.6000,504.4000,505.4000,506.4000,507.2000,508.2000,509.0000,510.0000,511.0000,512.0000,513.0000,
514.0000,514.8000,515.8000,516.8000,517.8000,518.8000,519.6000,520.4000,521.4000,522.2000,523.0000,524.0000,525.0000,526.0000,527.0000,    
527.8000,529.2000,531.0000,533.0000,534.8000,536.8000,538.4000,540.0000,542.0000,543.8000,544.8000,545.8000,546.8000,547.4000,548.0000,    
549.0000,550.0000,550.8000,551.8000,552.6000,553.2000,554.0000,555.0000,555.8000,556.8000,557.6000,558.4000,559.0000,560.0000,561.2000,    
562.8000,564.0000,565.0000,566.8000,567.8000,569.0000,570.6000,571.8000,573.0000,574.4000,575.8000,576.8000,578.0000,579.0000,580.0000,    
581.0000,582.2000,583.2000,584.4000,585.6000,586.8000,587.8000,588.8000,589.8000,590.8000,592.0000,593.0000,594.6000,595.8000,597.0000,
598.2000,599.8000,601.0000,602.0000,603.6000,604.8000,606.0000,607.4000,608.8000,609.8000,610.8000,611.8000,613.0000,614.0000,615.0000,    
616.0000,617.2000,618.2000,619.4000,620.6000,621.8000,622.8000,623.8000,624.8000,625.6000,626.2000,627.0000,628.0000,628.8000,629.8000,    
630.6000,631.2000,632.0000,633.0000,633.8000,634.8000,635.4000,636.0000,637.0000,637.8000,638.8000,639.6000,640.4000,641.8000,642.8000,    
644.0000,645.2000,646.6000,647.8000,649.0000,650.0000,651.4000,652.8000,653.8000,655.0000,656.2000,657.4000,658.6000,659.8000,660.8000,    
661.8000,663.0000,664.0000,665.0000,666.0000,667.2000,668.4000,669.6000,670.8000,671.8000,672.8000,673.8000,674.4000,675.0000,676.0000,    
677.0000,677.8000,678.8000,679.6000,680.2000,681.0000,682.0000,682.8000,683.8000,684.6000,685.4000,686.0000,687.0000,687.8000,689.2000,
691.0000,692.8000,694.0000,695.8000,697.6000,699.0000,700.8000,702.6000,704.0000,705.6000,707.0000,708.2000,709.8000,711.0000,712.4000,    
713.8000,715.0000,716.6000,717.8000,719.0000,720.6000,721.4000,722.2000,723.0000,724.0000,725.0000,726.0000,726.8000,727.8000,728.8000,    
729.8000,730.6000,731.4000,732.2000,733.0000,734.0000,735.0000,736.0000,737.0000,738.0000,739.4000,740.6000,741.8000,742.8000,744.0000,    
745.0000,746.0000,747.4000,748.6000,749.8000,750.8000,752.0000,753.0000,754.0000,755.0000,756.2000,757.2000,758.4000,759.6000,760.8000,    
761.8000,762.8000,763.8000,764.8000,766.0000,767.0000,768.0000,769.6000,771.0000,772.4000,774.0000,775.4000,776.8000,778.4000,779.8000,    
781.2000,782.8000,784.0000,785.0000,786.0000,787.0000,788.0000,789.0000,790.0000,791.0000,792.0000,793.0000,794.0000,795.0000,796.0000,
797.0000,797.8000,798.8000,799.8000,800.8000,801.8000,802.8000,803.8000,805.0000,806.0000,807.0000,808.0000,809.0000,810.0000,811.0000,    
812.0000,813.0000,814.0000,815.0000,816.0000,817.6000,819.0000,820.4000,821.8000,823.2000,824.8000,826.0000,827.8000,829.0000,830.8000,    
832.0000,833.0000,833.8000,834.8000,835.6000,836.2000,837.0000,838.0000,838.8000,839.8000,840.6000,841.2000,842.0000,843.0000,843.8000,    
844.8000,845.6000,846.2000,847.0000,848.0000,849.0000,850.2000,851.8000,852.8000,854.0000,855.2000,856.6000,857.8000,859.0000,860.2000,    
861.6000,862.8000,864.0000,865.2000,866.8000,867.8000,869.0000,870.6000,871.8000,873.0000,874.4000,875.8000,877.0000,878.4000,879.8000,    
880.8000,881.8000,882.8000,883.8000,884.8000,886.0000,887.0000,888.0000,889.0000,890.0000,891.0000,892.0000,893.0000,894.0000,895.0000,
896.0000,897.8000,899.0000,900.6000,902.0000,903.4000,904.8000,906.2000,907.8000,909.2000,910.8000,912.0000,913.0000,914.0000,914.8000,    
915.8000,916.8000,917.4000,918.2000,919.0000,920.0000,921.0000,921.8000,922.8000,923.6000,924.4000,925.2000,926.0000,927.0000,927.8000,    
929.0000,930.8000,932.6000,934.0000,935.8000,937.2000,939.0000,940.6000,942.0000,943.8000,945.0000,946.0000,946.8000,947.8000,948.8000,    
949.8000,950.8000,951.8000,952.8000,953.8000,954.8000,955.8000,956.8000,957.8000,958.8000,959.8000,961.0000,962.2000,963.8000,964.8000,    
966.0000,967.4000,968.8000,970.0000,971.2000,972.6000,973.8000,975.0000,976.4000,977.2000,978.2000,979.0000,980.0000,981.0000,982.0000,
983.0000,984.0000,985.0000,986.0000,987.0000,987.8000,988.8000,989.8000,990.8000,991.8000,993.0000,994.2000,995.8000,997.0000,998.4000,    
999.8000,1001.0000,1002.4000,1003.8000,1005.0000,1006.6000,1007.8000,1009.8000,1012.0000,1014.0000,1016.0000,1018.0000,1020.2000,1022.2000,1024.2000,
1025.2000,1026.2000,1027.2000,1028.2000,1029.2000,1030.2000,1031.2000,1032.2000,1033.2000,1034.2000,1035.2000,1036.2000,1037.2000,1038.2000,1039.2000,
1040.2000,1041.6000,1042.8000,1044.0000,1045.0000,1046.2000,1047.8000,1048.8000,1050.0000,1051.0000,1052.4000,1053.8000,1054.8000,1056.0000,1057.4000,
1058.8000,1060.0000,1061.6000,1063.0000,1064.2000,1065.8000,1067.0000,1068.6000,1069.8000,1071.2000,1072.6000,1073.4000,1074.4000,1075.2000,1076.0000,
1077.0000,1078.0000,1079.0000,1080.0000,1080.8000,1081.8000,1082.8000,1083.8000,1084.8000,1085.6000,1086.4000,1087.4000,1088.2000,1089.2000,1090.2000,
1091.2000,1092.2000,1093.4000,1094.4000,1095.4000,1096.4000,1097.4000,1098.4000,1099.4000,1100.4000,1101.4000,1102.4000,1103.6000,1104.6000,1105.8000,
1106.8000,1108.0000,1109.0000,1110.2000,1111.4000,1112.8000,1113.8000,1114.8000,1116.0000,1117.0000,1118.4000,1119.6000,1120.8000,1122.8000,1124.0000,
1126.0000,1127.8000,1129.2000,1131.0000,1132.8000,1134.2000,1136.0000,1137.0000,1137.8000,1138.8000,1139.6000,1140.2000,1141.0000,1142.0000,1142.8000,
1143.8000,1144.8000,1145.4000,1146.0000,1147.0000,1148.0000,1148.8000,1149.8000,1150.6000,1151.2000,1152.0000,1153.6000,1154.8000,1156.0000,1157.6000,
1158.8000,1160.0000,1161.8000,1163.0000,1164.2000,1165.8000,1167.0000,1168.2000,1169.2000,1170.4000,1171.4000,1172.6000,1173.6000,1174.6000,1175.8000,
1176.8000,1177.8000,1178.8000,1179.8000,1180.8000,1181.8000,1183.0000,1184.0000,1185.0000,1186.0000,1187.0000,1188.0000,1189.2000,1190.2000,1191.4000,
1192.6000,1193.6000,1194.8000,1195.8000,1196.8000,1197.8000,1198.8000,1200.0000,1200.8000,1201.4000,1202.0000,1202.8000,1203.8000,1204.2000,1205.0000,
1205.8000,1206.6000,1207.0000,1208.0000,1208.8000,1209.4000,1210.0000,1210.8000,1211.6000,1212.0000,1213.0000,1213.8000,1214.4000,1215.0000,1215.8000,
1216.8000,1218.2000,1219.8000,1221.0000,1222.6000,1223.8000,1225.2000,1226.8000,1228.0000,1229.6000,1230.8000,1232.2000,1233.0000,1234.0000,1234.8000,
1235.8000,1236.6000,1237.2000,1238.0000,1239.0000,1239.8000,1240.8000,1241.8000,1242.4000,1243.2000,1244.0000,1245.0000,1245.8000,1246.8000,1247.6000,
1248.4000,1249.4000,1250.4000,1251.2000,1252.2000,1253.2000,1254.2000,1255.0000,1256.0000,1257.0000,1258.0000,1259.0000,1260.0000,1261.0000,1262.0000,
1263.0000,1264.0000,1265.4000,1266.8000,1268.2000,1269.8000,1271.0000,1272.8000,1274.0000,1275.6000,1277.0000,1278.2000,1279.8000,1281.0000,1282.2000,
1283.8000,1284.8000,1286.0000,1287.4000,1288.8000,1289.8000,1291.0000,1292.4000,1293.8000,1295.0000,1296.0000,1297.4000,1298.8000,1299.8000,1301.0000,
1302.0000,1303.4000,1304.8000,1305.8000,1307.0000,1308.0000,1309.4000,1310.8000,1311.8000,1313.0000,1314.0000,1315.4000,1316.6000,1317.8000,1318.8000,
1320.0000,1321.0000,1322.4000,1323.6000,1324.8000,1325.8000,1327.0000,1328.0000,1329.0000,1330.0000,1331.0000,1331.8000,1332.8000,1333.8000,1334.6000,
1335.6000,1336.4000,1337.2000,1338.0000,1339.0000,1340.0000,1340.8000,1341.8000,1342.8000,1343.8000,1344.6000,1345.8000,1346.8000,1347.8000,1348.8000,
1349.8000,1351.0000,1352.0000,1353.0000,1354.0000,1355.0000,1356.2000,1357.4000,1358.4000,1359.6000,1360.8000,1362.0000,1363.8000,1365.0000,1366.8000,
1368.0000,1369.8000,1371.0000,1372.8000,1374.0000,1375.8000,1376.8000,1377.8000,1378.4000,1379.2000,1380.0000,1381.0000,1381.8000,1382.8000,1383.6000,
1384.4000,1385.0000,1386.0000,1387.0000,1387.8000,1388.8000,1389.6000,1390.2000,1391.0000,1392.0000,1393.8000,1395.6000,1397.2000,1399.0000,1401.0000,
1402.8000,1404.6000,1406.4000,1408.0000,1409.0000,1409.8000,1410.8000,1411.4000,1412.0000,1413.0000,1413.8000,1414.8000,1415.6000,1416.2000,1417.0000,
1417.8000,1418.8000,1419.6000,1420.2000,1421.0000,1422.0000,1422.8000,1423.6000,1424.4000,1425.8000,1426.8000,1428.0000,1429.0000,1430.0000,1431.4000,
1432.8000,1433.8000,1435.0000,1436.0000,1437.2000,1438.4000,1439.8000,1440.8000,1442.0000,1443.4000,1444.8000,1446.0000,1447.2000,1448.8000,1450.0000,
1451.0000,1452.8000,1453.8000,1455.0000,1456.6000,1457.8000,1459.0000,1460.2000,1461.8000,1462.8000,1464.0000,1465.6000,1466.8000,1468.0000,1469.2000,
1470.8000,1472.0000,1472.8000,1473.8000,1474.4000,1475.0000,1476.0000,1476.8000,1477.6000,1478.2000,1479.0000,1479.8000,1480.8000,1481.6000,1482.2000,
1483.0000,1483.8000,1484.8000,1485.4000,1486.0000,1487.0000,1487.8000,1489.0000,1491.0000,1493.0000,1495.0000,1497.0000,1499.0000,1501.0000,1503.0000,
1504.8000,1505.8000,1506.8000,1507.8000,1508.8000,1509.8000,1510.8000,1511.8000,1512.8000,1513.8000,1514.8000,1515.8000,1516.8000,1517.8000,1518.8000,
1519.8000,1520.8000,1521.8000,1522.8000,1523.8000,1524.6000,1525.6000,1526.6000,1527.4000,1528.4000,1529.4000,1530.2000,1531.2000,1532.2000,1533.0000,
1534.0000,1535.0000,1536.0000,1537.2000,1538.4000,1539.8000,1540.8000,1542.0000,1543.0000,1544.0000,1545.4000,1546.8000,1547.8000,1548.8000,1550.0000,
1551.0000,1552.4000,1553.6000,1554.8000,1555.8000,1556.8000,1557.8000,1559.0000,1560.0000,1561.0000,1562.2000,1563.4000,1564.6000,1565.8000,1566.8000,
1567.8000,1569.0000,1570.2000,1571.6000,1572.8000,1574.0000,1575.2000,1576.8000,1577.8000,1579.0000,1580.2000,1581.8000,1582.8000,1584.0000,1585.0000,
1585.8000,1586.8000,1587.4000,1588.0000,1589.0000,1589.8000,1590.8000,1591.6000,1592.2000,1593.0000,1594.0000,1594.8000,1595.8000,1596.4000,1597.0000,
1598.0000,1598.8000,1599.8000,1600.8000,1601.8000,1603.0000,1604.4000,1605.8000,1607.0000,1608.0000,1609.6000,1610.8000,1612.0000,1613.2000,1614.8000,
1615.8000,1617.0000,1618.4000,1619.8000,1621.0000,1622.0000,1623.4000,1624.8000,1626.0000,1627.0000,1628.6000,1629.8000,1631.0000,1632.0000,1633.0000,
1634.0000,1634.8000,1635.8000,1636.6000,1637.4000,1638.2000,1639.0000,1640.0000,1640.8000,1641.8000,1642.8000,1643.4000,1644.2000,1645.0000,1646.0000,
1646.8000,1647.8000,1649.0000,1651.0000,1653.0000,1655.0000,1657.0000,1659.0000,1661.0000,1663.0000,1664.8000,1665.6000,1666.4000,1667.2000,1668.0000,
1669.0000,1670.0000,1670.8000,1671.8000,1672.8000,1673.6000,1674.4000,1675.2000,1676.0000,1677.0000,1678.0000,1678.8000,1679.8000,1680.8000,1681.8000,
1682.8000,1683.8000,1684.8000,1685.8000,1686.8000,1687.8000,1688.8000,1689.8000,1690.8000,1691.8000,1692.8000,1694.0000,1695.0000,1696.0000,1697.0000,
1698.2000,1699.6000,1700.8000,1702.0000,1703.0000,1704.4000,1705.8000,1706.8000,1708.0000,1709.0000,1710.4000,1711.8000,1713.0000,1714.2000,1715.8000,
1717.0000,1718.4000,1719.8000,1721.0000,1722.6000,1723.8000,1725.0000,1726.8000,1728.0000,1729.2000,1730.8000,1731.8000,1733.0000,1734.4000,1735.8000,
1737.0000,1738.2000,1739.8000,1740.8000,1742.0000,1743.6000,1744.6000,1745.2000,1746.0000,1746.8000,1747.6000,1748.2000,1749.0000,1749.8000,1750.8000,
1751.2000,1752.0000,1752.8000,1753.8000,1754.2000,1755.0000,1755.8000,1756.8000,1757.2000,1758.0000,1758.8000,1759.8000,1760.6000,1761.8000,1762.8000,
1764.0000,1765.0000,1766.0000,1767.4000,1768.6000,1769.8000,1770.8000,1772.0000,1773.0000,1774.2000,1775.6000,1776.8000,1777.8000,1778.8000,1779.8000,
1780.8000,1781.8000,1782.8000,1783.8000,1784.8000,1785.8000,1786.8000,1788.0000,1789.0000,1790.0000,1791.0000,1792.0000,1793.0000,1793.8000,1794.8000,
1795.8000,1796.8000,1797.6000,1798.4000,1799.2000,1800.0000,1801.0000,1802.0000,1803.0000,1803.8000,1804.8000,1805.8000,1806.8000,1807.6000,1808.4000,
1809.4000,1810.4000,1811.6000,1812.6000,1813.6000,1814.8000,1815.8000,1816.8000,1817.8000,1818.8000,1819.8000,1820.8000,1821.8000,1822.8000,1823.8000,
1825.0000,1826.6000,1828.0000,1829.4000,1830.8000,1832.0000,1833.8000,1835.0000,1836.6000,1838.0000,1839.4000,1840.8000,1841.8000,1842.8000,1844.0000,
1845.0000,1846.0000,1847.0000,1848.2000,1849.4000,1850.6000,1851.8000,1852.8000,1853.8000,1854.8000,1856.0000,1857.0000,1858.0000,1859.2000,1860.4000,
1861.6000,1862.8000,1863.8000,1864.8000,1866.0000,1867.0000,1868.0000,1869.0000,1870.2000,1871.4000,1872.6000,1873.8000,1874.8000,1875.8000,1877.0000,
1878.0000,1879.0000,1880.2000,1881.4000,1882.8000,1883.8000,1884.8000,1885.8000,1887.0000,1888.0000,1889.6000,1891.0000,1892.2000,1893.8000,1895.0000,
1896.6000,1897.8000,1899.2000,1900.8000,1902.0000,1903.6000,1904.8000,1905.8000,1906.8000,1907.8000,1908.8000,1909.8000,1910.8000,1911.8000,1912.8000,
1913.8000,1914.8000,1915.8000,1916.8000,1917.8000,1918.8000,1919.8000,1920.8000,1921.8000,1923.0000,1924.0000,1925.0000,1926.0000,1927.0000,1928.0000,
1929.0000,1930.0000,1931.0000,1932.2000,1933.2000,1934.2000,1935.4000,1936.4000,1937.0000,1938.0000,1939.0000,1939.8000,1940.8000,1941.8000,1942.4000,
1943.2000,1944.0000,1945.0000,1946.0000,1946.8000,1947.8000,1948.6000,1949.4000,1950.0000,1951.0000,1952.0000,1953.4000,1955.0000,1956.8000,1958.2000,
1960.0000,1961.8000,1963.0000,1964.8000,1966.6000,1968.0000,1969.0000,1970.0000,1971.0000,1972.0000,1973.0000,1974.2000,1975.2000,1976.2000,1977.2000,
1978.2000,1979.4000,1980.4000,1981.4000,1982.4000,1983.4000,1984.6000,1985.8000,1987.0000,1988.4000,1989.8000,1991.0000,1992.0000,1993.6000,1994.8000,
1996.0000,1997.4000,1998.8000,2000.0000,2001.0000,2002.6000,2003.8000,2005.0000,2006.4000,2007.8000,2009.0000,2010.0000,2011.6000,2012.8000,2014.0000,
2015.4000,2016.8000,2017.6000,2018.6000,2019.6000,2020.6000,2021.6000,2022.6000,2023.4000,2024.4000,2025.4000,2026.4000,2027.4000,2028.4000,2029.2000,
2030.2000,2031.2000,2032.0000,2032.8000,2033.0000,2033.8000,2034.0000,2034.8000,2035.0000,2035.6000,2036.0000,2036.4000,2036.8000,2037.2000,2037.8000,
2038.2000,2038.8000,2039.0000,2039.8000,2040.0000,2040.8000,2041.0000,2041.6000,2042.0000,2042.4000,2042.8000,2043.4000,2043.8000,2044.2000,2044.8000,
2045.0000,2045.8000,2046.0000,2046.8000,2047.0000,2047.6000,2048.0000,2048.8000,2049.8000,2050.8000,2051.8000,2053.0000,2054.0000,2055.0000,2056.0000,
2057.0000,2058.0000,2059.0000,2060.0000,2061.0000,2062.0000,2063.2000,2064.2000,2065.3999,2066.3999,2067.3999,2068.6001,2069.6001,2070.6001,2071.8000,
2072.8000,2073.8000,2074.8000,2075.8000,2076.8000,2077.8000,2078.8000,2079.8000,2081.0000,2082.2000,2083.8000,2084.8000,2086.0000,2087.3999,2088.8000,
2090.0000,2091.0000,2092.6001,2093.8000,2095.0000,2096.2000,2097.0000,2098.0000,2099.0000,2100.0000,2100.8000,2101.8000,2102.8000,2103.8000,2104.8000,
2105.6001,2106.3999,2107.3999,2108.2000,2109.0000,2110.0000,2111.0000,2112.0000,2113.2000,2114.8000,2116.0000,2117.6001,2119.0000,2120.2000,2121.8000,
2123.0000,2124.8000,2126.0000,2127.3999,2128.8000,2129.8000,2131.0000,2132.0000,2133.3999,2134.8000,2135.8000,2137.0000,2138.0000,2139.2000,2140.6001,
2141.8000,2142.8000,2144.0000,2145.0000,2146.0000,2147.0000,2148.0000,2148.8000,2149.8000,2150.8000,2151.8000,2152.8000,2153.8000,2154.8000,2155.8000,
2156.8000,2157.8000,2158.6001,2159.6001,2160.8000,2162.0000,2163.3999,2164.8000,2166.0000,2167.8000,2169.0000,2170.3999,2171.8000,2173.0000,2174.8000,
2176.0000,2177.0000,2178.2000,2179.6001,2180.8000,2181.8000,2182.8000,2184.0000,2185.0000,2186.2000,2187.6001,2188.8000,2189.8000,2190.8000,2192.0000,
2193.0000,2194.2000,2195.3999,2196.8000,2197.8000,2198.8000,2200.0000,2201.0000,2202.2000,2203.6001,2204.8000,2205.8000,2207.0000,2208.0000,2209.0000,
2210.0000,2211.0000,2211.8000,2212.8000,2213.8000,2214.8000,2215.8000,2216.8000,2217.6001,2218.6001,2219.3999,2220.2000,2221.2000,2222.0000,2223.0000,
2224.0000,2225.0000,2226.3999,2227.8000,2228.8000,2229.8000,2231.0000,2232.0000,2233.3999,2234.6001,2235.8000,2236.8000,2238.0000,2239.0000,2240.2000,
2241.2000,2242.0000,2243.0000,2244.0000,2245.0000,2245.8000,2246.8000,2247.8000,2248.8000,2249.8000,2250.6001,2251.6001,2252.3999,2253.2000,2254.0000,
2255.0000,2256.0000,2257.8000,2259.8000,2261.8000,2263.6001,2265.3999,2267.2000,2269.0000,2271.0000,2272.8000,2273.6001,2274.6001,2275.3999,2276.3999,
2277.2000,2278.2000,2279.0000,2280.0000,2281.0000,2282.0000,2283.0000,2284.0000,2285.0000,2285.8000,2286.8000,2287.8000,2288.8000,2289.8000,2290.8000,
2291.8000,2292.8000,2293.8000,2294.8000,2295.8000,2296.8000,2297.8000,2299.0000,2300.0000,2301.0000,2302.0000,2303.0000,2304.0000,2305.0000,2306.2000,
2307.3999,2308.8000,2309.8000,2311.0000,2312.0000,2313.0000,2314.3999,2315.6001,2316.8000,2317.8000,2319.0000,2320.0000,2321.0000,2321.8000,2322.8000,
2323.3999,2324.0000,2325.0000,2325.8000,2326.8000,2327.3999,2328.0000,2329.0000,2329.8000,2330.8000,2331.3999,2332.0000,2333.0000,2333.8000,2334.8000,
2335.6001,2336.2000,2337.8000,2339.0000,2340.3999,2341.8000,2343.0000,2344.6001,2346.0000,2347.2000,2348.8000,2350.0000,2351.3999,2352.6001,2353.2000,
2354.0000,2355.0000,2355.8000,2356.8000,2357.3999,2358.0000,2359.0000,2359.8000,2360.8000,2361.6001,2362.2000,2363.0000,2364.0000,2364.8000,2365.6001,
2366.3999,2367.0000,2368.0000,2369.2000,2371.0000,2372.6001,2374.0000,2375.8000,2377.0000,2378.8000,2380.3999,2382.0000,2383.6001,2384.8000,2386.0000,
2387.0000,2388.0000,2389.0000,2390.0000,2391.2000,2392.3999,2393.3999,2394.6001,2395.8000,2396.8000,2397.8000,2398.8000,2400.0000,2401.0000,2402.0000,
2403.0000,2404.0000,2405.0000,2406.0000,2407.0000,2408.2000,2409.2000,2410.2000,2411.3999,2412.3999,2413.6001,2414.6001,2415.6001,2417.0000,2418.8000,
2420.8000,2422.8000,2424.8000,2426.8000,2428.8000,2430.6001,2432.3999,2433.8000,2435.0000,2436.0000,2437.6001,2438.8000,2440.0000,2441.3999,2442.8000,
2444.0000,2445.2000,2446.8000,2447.8000,2448.8000,2449.8000,2450.6001,2451.2000,2452.0000,2453.0000,2453.8000,2454.8000,2455.6001,2456.2000,2457.0000,
2458.0000,2458.8000,2459.8000,2460.6001,2461.3999,2462.0000,2463.0000,2463.8000,2465.0000,2466.2000,2467.8000,2469.0000,2470.2000,2471.8000,2473.0000,
2474.2000,2475.8000,2477.0000,2478.0000,2479.8000,2480.8000,2481.8000,2482.8000,2483.8000,2485.0000,2486.0000,2487.0000,2488.0000,2489.0000,2490.0000,
2491.0000,2492.2000,2493.2000,2494.3999,2495.3999,2496.6001,2497.8000,2499.0000,2500.2000,2501.8000,2502.8000,2504.0000,2505.3999,2506.8000,2508.0000,
2509.0000,2510.6001,2511.8000,2512.8000,2513.8000,2514.8000,2515.6001,2516.3999,2517.2000,2518.0000,2519.0000,2520.0000,2520.8000,2521.8000,2522.8000,
2523.8000,2524.6001,2525.3999,2526.2000,2527.0000,2528.0000,2529.0000,2530.0000,2531.0000,2532.0000,2533.0000,2534.0000,2535.0000,2536.0000,2537.0000,
2538.0000,2539.0000,2540.0000,2541.0000,2542.0000,2543.0000,2544.0000,2546.0000,2548.0000,2550.0000,2552.0000,2554.0000,2556.0000,2558.0000,2560.0000,
2561.0000,2562.0000,2562.8000,2563.8000,2564.6001,2565.3999,2566.2000,2567.0000,2568.0000,2568.8000,2569.8000,2570.8000,2571.6001,2572.2000,2573.0000,
2574.0000,2575.0000,2575.8000,2576.8000,2578.0000,2579.0000,2580.3999,2581.8000,2582.8000,2584.0000,2585.0000,2586.3999,2587.8000,2588.8000,2590.0000,
2591.0000,2592.3999,2593.3999,2594.3999,2595.3999,2596.3999,2597.6001,2598.6001,2599.6001,2600.6001,2601.6001,2602.8000,2603.8000,2604.8000,2605.8000,
2606.8000,2607.8000,2608.8000,2610.3999,2611.8000,2613.2000,2614.8000,2616.2000,2617.8000,2619.2000,2620.8000,2622.2000,2623.8000,2624.8000,2625.8000,
2626.8000,2627.8000,2628.6001,2629.6001,2630.3999,2631.2000,2632.0000,2633.0000,2634.0000,2635.0000,2636.0000,2636.8000,2637.8000,2638.8000,2639.8000,
2640.8000,2641.8000,2643.0000,2644.0000,2645.2000,2646.6001,2647.8000,2648.8000,2650.0000,2651.0000,2652.2000,2653.6001,2654.8000,2655.8000,2656.8000,
2657.8000,2659.0000,2660.0000,2661.0000,2662.0000,2663.0000,2664.0000,2665.0000,2666.0000,2667.0000,2668.0000,2669.0000,2670.0000,2671.0000,2672.0000,
2673.2000,2674.8000,2676.0000,2677.3999,2678.8000,2680.0000,2681.3999,2682.8000,2684.0000,2685.6001,2686.8000,2688.0000,2689.2000,2690.3999,2691.6001,
2692.8000,2693.8000,2695.0000,2696.0000,2697.0000,2698.2000,2699.3999,2700.6001,2701.8000,2702.8000,2703.8000,2705.0000,2706.0000,2707.0000,2708.0000,
2709.0000,2710.0000,2711.0000,2712.0000,2713.0000,2714.0000,2715.0000,2716.0000,2717.0000,2718.0000,2719.0000,2720.0000,2721.3999,2722.8000,2724.0000,
2725.6001,2726.8000,2728.0000,2729.6001,2730.8000,2732.0000,2733.8000,2735.0000,2736.0000,2737.2000,2738.3999,2739.3999,2740.6001,2741.6001,2742.8000,
2743.8000,2744.8000,2745.8000,2746.8000,2747.8000,2749.0000,2750.0000,2751.0000,2752.0000,2753.6001,2754.8000,2756.2000,2757.8000,2759.0000,2760.6001,
2761.8000,2763.2000,2764.8000,2766.0000,2767.6001,2768.8000,2769.2000,2770.0000,2770.8000,2771.8000,2772.3999,2773.0000,2774.0000,2774.8000,2775.6001,
2776.2000,2777.0000,2777.8000,2778.8000,2779.2000,2780.0000,2780.8000,2781.8000,2782.3999,2783.0000,2784.0000,2785.0000,2786.8000,2788.0000,2789.6001,
2790.8000,2792.2000,2793.8000,2795.0000,2796.8000,2798.0000,2799.6001,2800.8000,2801.8000,2802.8000,2804.0000,2805.0000,2806.0000,2807.0000,2808.2000,
2809.2000,2810.3999,2811.6001,2812.6001,2813.8000,2814.8000,2815.8000,2816.8000,2818.0000,2819.0000,2820.2000,2821.3999,2822.6001,2823.8000,2824.8000,
2825.8000,2827.0000,2828.0000,2829.2000,2830.3999,2831.6001,2832.8000,2834.3999,2836.0000,2837.6001,2839.0000,2840.8000,2842.0000,2843.8000,2845.0000,
2846.8000,2848.0000,2849.0000,2849.8000,2850.6001,2851.0000,2852.0000,2852.8000,2853.6001,2854.0000,2855.0000,2855.8000,2856.6001,2857.0000,2858.0000,
2858.8000,2859.6001,2860.0000,2861.0000,2861.8000,2862.6001,2863.0000,2864.0000,2865.0000,2866.0000,2867.0000,2868.0000,2869.0000,2870.0000,2871.0000,
2872.0000,2873.0000,2874.0000,2875.2000,2876.2000,2877.2000,2878.3999,2879.3999,2880.6001,2881.8000,2882.8000,2884.0000,2885.0000,2886.0000,2887.3999,
2888.6001,2889.8000,2890.8000,2892.0000,2893.0000,2894.2000,2895.6001,2896.6001,2897.2000,2898.0000,2899.0000,2899.8000,2900.8000,2901.6001,2902.3999,
2903.0000,2904.0000,2904.8000,2905.8000,2906.8000,2907.3999,2908.2000,2909.0000,2910.0000,2910.8000,2911.8000,2912.8000,2914.3999,2916.0000,2917.8000,
2919.8000,2921.2000,2923.0000,2924.8000,2926.6001,2928.0000,2929.0000,2929.8000,2930.8000,2931.6001,2932.2000,2933.0000,2934.0000,2934.8000,2935.8000,
2936.3999,2937.2000,2938.0000,2939.0000,2939.8000,2940.8000,2941.3999,2942.0000,2943.0000,2943.8000,2944.8000,2946.0000,2947.0000,2948.0000,2949.0000,
2950.0000,2951.0000,2952.2000,2953.3999,2954.3999,2955.6001,2956.8000,2957.8000,2958.8000,2959.8000,2961.0000,2962.0000,2963.6001,2964.8000,2966.0000,
2967.3999,2968.8000,2970.0000,2971.2000,2972.6001,2973.8000,2975.0000,2976.3999,2977.6001,2978.8000,2979.8000,2981.0000,2982.0000,2983.0000,2984.2000,
2985.3999,2986.6001,2987.8000,2988.8000,2990.0000,2991.0000,2992.0000,2993.0000,2994.0000,2995.0000,2996.0000,2997.0000,2997.8000,2998.8000,2999.8000,
3000.8000,3001.8000,3002.8000,3003.8000,3004.6001,3005.6001,3006.6001,3007.3999,3008.3999,3009.8000,3011.0000,3012.6001,3013.8000,3015.0000,3016.6001,
3017.8000,3019.0000,3020.6001,3021.8000,3023.0000,3024.6001,3025.6001,3026.3999,3027.3999,3028.3999,3029.2000,3030.2000,3031.2000,3032.0000,3033.0000,
3034.0000,3035.0000,3036.0000,3037.0000,3038.0000,3039.0000,3040.0000,3041.0000,3042.0000,3043.0000,3044.2000,3045.3999,3046.3999,3047.6001,3048.8000,
3049.8000,3050.8000,3051.8000,3052.8000,3054.0000,3055.0000,3056.0000,3060.0000,3064.2000,3068.6001,3072.2000,3073.2000,3074.0000,3075.0000,3076.0000,
3077.0000,3078.0000,3078.8000,3079.8000,3080.8000,3081.8000,3082.8000,3083.6001,3084.3999,3085.3999,3086.2000,3087.0000,3088.0000,3089.0000,3090.0000,
3091.0000,3092.0000,3093.0000,3094.0000,3095.0000,3096.0000,3097.0000,3097.8000,3098.8000,3099.8000,3100.8000,3101.8000,3102.8000,3103.8000,3104.8000,
3105.8000,3107.0000,3108.0000,3109.0000,3110.2000,3111.6001,3112.8000,3113.8000,3114.8000,3116.0000,3117.0000,3118.0000,3119.2000,3120.3999,3121.0000,
3122.0000,3123.0000,3123.8000,3124.8000,3125.3999,3126.2000,3127.0000,3128.0000,3128.8000,3129.8000,3130.6001,3131.3999,3132.0000,3133.0000,3134.0000,
3134.8000,3135.8000,3136.6001,3137.8000,3138.8000,3139.8000,3141.0000,3142.0000,3143.0000,3144.2000,3145.3999,3146.6001,3147.8000,3148.8000,3149.8000,
3151.0000,3152.0000,3153.0000,3154.0000,3155.0000,3156.2000,3157.2000,3158.3999,3159.3999,3160.6001,3161.8000,3162.8000,3163.8000,3164.8000,3165.8000,
3166.8000,3167.8000,3169.0000,3170.0000,3171.2000,3172.3999,3173.8000,3174.8000,3175.8000,3177.0000,3178.0000,3179.2000,3180.3999,3181.8000,3182.8000,
3183.8000,3185.0000,3186.0000,3187.0000,3187.8000,3188.8000,3189.8000,3190.8000,3191.8000,3192.8000,3193.8000,3194.8000,3195.8000,3196.8000,3197.8000,
3198.8000,3199.8000,3200.8000,3201.8000,3202.6001,3203.2000,3204.0000,3205.0000,3205.8000,3206.8000,3207.6001,3208.3999,3209.0000,3210.0000,3211.0000,
3211.8000,3212.8000,3213.3999,3214.2000,3215.0000,3216.0000,3217.0000,3218.0000,3219.0000,3220.0000,3221.0000,3222.0000,3223.0000,3224.0000,3225.0000,
3226.0000,3227.2000,3228.2000,3229.2000,3230.3999,3231.3999,3232.3999,3233.3999,3234.6001,3235.6001,3236.6001,3237.8000,3238.8000,3239.8000,3240.8000,
3241.8000,3242.8000,3243.8000,3244.8000,3245.8000,3246.8000,3248.0000,3249.0000,3249.8000,3250.8000,3251.8000,3252.8000,3253.8000,3254.8000,3255.8000,
3256.8000,3257.8000,3258.8000,3259.8000,3260.6001,3261.6001,3262.6001,3263.3999,3264.3999,3265.0000,3266.0000,3266.8000,3267.8000,3268.8000,3269.3999,
3270.0000,3271.0000,3272.0000,3272.8000,3273.8000,3274.3999,3275.2000,3276.0000,3277.0000,3277.8000,3278.8000,3279.6001,3280.2000,3281.0000,3282.0000,
3283.0000,3283.8000,3284.8000,3285.8000,3286.6001,3287.3999,3288.2000,3289.0000,3290.0000,3291.0000,3291.8000,3292.8000,3293.8000,3294.6001,3295.3999,
3296.2000,3297.0000,3298.0000,3299.0000,3300.0000,3301.0000,3302.0000,3303.0000,3304.0000,3305.0000,3306.0000,3307.0000,3307.8000,3308.8000,3309.8000,
3310.8000,3311.8000,3312.8000,3313.3999,3314.0000,3315.0000,3315.8000,3316.6001,3317.2000,3318.0000,3318.8000,3319.8000,3320.6001,3321.0000,3322.0000,
3322.8000,3323.8000,3324.3999,3325.0000,3326.0000,3326.8000,3327.6001,3328.2000,3329.0000,3330.0000,3330.8000,3331.8000,3332.6001,3333.2000,3334.0000,
3335.0000,3335.8000,3336.8000,3337.3999,3338.2000,3339.0000,3340.0000,3340.8000,3341.8000,3342.3999,3343.2000,3344.0000,3345.2000,3346.8000,3347.8000,
3349.0000,3350.2000,3351.8000,3352.8000,3354.0000,3355.2000,3356.6001,3357.8000,3359.0000,3360.2000,3361.0000,3361.8000,3362.3999,3363.0000,3363.8000,
3364.8000,3365.2000,3366.0000,3366.8000,3367.6001,3368.0000,3369.0000,3369.8000,3370.3999,3371.0000,3371.8000,3372.8000,3373.2000,3374.0000,3374.8000,
3375.6001,3376.0000,3377.0000,3377.8000,3378.2000,3379.0000,3379.8000,3380.3999,3381.0000,3381.8000,3382.8000,3383.2000,3384.0000,3384.8000,3385.3999,
3386.0000,3386.8000,3387.6001,3388.0000,3389.0000,3389.8000,3390.2000,3391.0000,3391.8000,3392.6001,3393.6001,3394.3999,3395.2000,3396.0000,3397.0000,
3398.0000,3399.0000,3400.0000,3400.8000,3401.8000,3402.8000,3403.8000,3404.8000,3405.6001,3406.3999,3407.3999,3408.2000,3409.0000,3409.8000,3410.3999,
3411.0000,3411.8000,3412.8000,3413.2000,3414.0000,3414.8000,3415.6001,3416.0000,3417.0000,3417.8000,3418.3999,3419.0000,3419.8000,3420.8000,3421.2000,
3422.0000,3422.8000,3423.3999,3424.0000,3425.0000,3426.0000,3427.2000,3428.2000,3429.3999,3430.3999,3431.6001,3432.6001,3433.8000,3434.8000,3435.8000,
3436.8000,3437.8000,3438.8000,3439.8000,3440.8000,3441.2000,3442.0000,3442.8000,3443.2000,3444.0000,3444.8000,3445.0000,3445.8000,3446.6001,3447.0000,
3447.8000,3448.6001,3449.0000,3449.8000,3450.6001,3451.0000,3451.8000,3452.3999,3453.0000,3453.8000,3454.3999,3455.0000,3455.8000,3456.3999,3457.2000,
3458.0000,3459.0000,3460.0000,3460.8000,3461.8000,3462.8000,3463.8000,3464.6001,3465.2000,3466.0000,3467.0000,3468.0000,3469.0000,3469.8000,3470.8000,
3471.8000,3472.3999,3473.0000,3473.8000,3474.6001,3475.0000,3476.0000,3476.8000,3477.2000,3478.0000,3478.8000,3479.6001,3480.0000,3480.8000,3481.8000,
3482.2000,3483.0000,3483.8000,3484.3999,3485.0000,3485.8000,3486.6001,3487.0000,3488.0000,3488.8000,3489.2000,3490.0000,3490.8000,3491.2000,3492.0000,
3492.8000,3493.2000,3494.0000,3494.8000,3495.2000,3496.0000,3496.8000,3497.2000,3498.0000,3498.8000,3499.2000,3500.0000,3500.8000,3501.2000,3502.0000,
3502.8000,3503.2000,3504.0000,3505.0000,3506.0000,3507.0000,3508.0000,3509.0000,3510.0000,3511.0000,3512.0000,3513.0000,3514.0000,3515.0000,3516.0000,
3517.0000,3518.0000,3519.0000,3520.0000,3520.8000,3521.8000,3522.3999,3523.0000,3524.0000,3524.8000,3525.8000,3526.3999,3527.0000,3528.0000,3528.8000,
3529.6001,3530.2000,3531.0000,3532.0000,3532.8000,3533.6001,3534.2000,3535.0000,3535.8000,3536.6001,3537.0000,3537.8000,3538.2000,3539.0000,3539.8000,
3540.0000,3540.8000,3541.3999,3542.0000,3542.8000,3543.0000,3543.8000,3544.3999,3545.0000,3545.8000,3546.0000,3546.8000,3547.3999,3548.0000,3548.8000,
3549.0000,3549.8000,3550.3999,3551.0000,3551.8000,3552.0000,3553.0000,3553.8000,3554.2000,3555.0000,3555.8000,3556.3999,3557.0000,3557.8000,3558.6001,
3559.0000,3559.8000,3560.8000,3561.2000,3562.0000,3562.8000,3563.3999,3564.0000,3564.8000,3565.3999,3566.0000,3566.8000,3567.6001,3568.2000,3569.0000,
3570.0000,3571.0000,3572.0000,3573.0000,3574.0000,3575.0000,3576.0000,3577.0000,3578.0000,3579.0000,3579.8000,3580.8000,3581.8000,3582.8000,3583.8000,
3584.8000,3585.3999,3586.0000,3586.8000,3587.8000,3588.2000,3589.0000,3589.8000,3590.8000,3591.2000,3592.0000,3592.8000,3593.8000,3594.2000,3595.0000,
3595.8000,3596.6001,3597.2000,3598.0000,3598.8000,3599.6001,3600.2000,3600.8000,3601.6001,3602.0000,3602.8000,3603.2000,3604.0000,3604.8000,3605.0000,
3605.8000,3606.3999,3607.0000,3607.8000,3608.2000,3608.8000,3609.6001,3610.0000,3610.8000,3611.2000,3612.0000,3612.8000,3613.0000,3613.8000,3614.3999,
3615.0000,3615.8000,3616.2000,3617.0000,3617.8000,3618.2000,3619.0000,3619.8000,3620.2000,3621.0000,3621.8000,3622.3999,3623.0000,3623.8000,3624.3999,
3625.0000,3625.8000,3626.3999,3627.0000,3627.8000,3628.6001,3629.0000,3629.8000,3630.6001,3631.0000,3631.8000,3632.6001,3633.2000,3634.0000,3634.8000,
3635.3999,3636.0000,3637.0000,3637.8000,3638.3999,3639.0000,3639.8000,3640.6001,3641.2000,3642.0000,3642.8000,3643.3999,3644.0000,3644.8000,3645.8000,
3646.2000,3647.0000,3647.8000,3648.6001,3649.0000,3649.8000,3650.8000,3651.2000,3652.0000,3652.8000,3653.2000,3654.0000,3654.8000,3655.3999,3656.0000,
3656.8000,3657.6001,3658.0000,3658.8000,3659.6001,3660.0000,3661.0000,3661.8000,3662.2000,3663.0000,3663.8000,3664.3999,3665.0000,3665.8000,3666.6001,
3667.0000,3668.0000,3668.8000,3669.3999,3670.0000,3670.8000,3671.8000,3672.2000,3673.0000,3673.8000,3674.3999,3675.0000,3675.8000,3676.8000,3677.2000,
3678.0000,3678.8000,3679.6001,3680.0000,3680.8000,3681.6001,3682.0000,3682.8000,3683.3999,3684.0000,3684.8000,3685.2000,3686.0000,3686.8000,3687.0000,
3687.8000,3688.6001,3689.0000,3689.8000,3690.3999,3691.0000,3691.8000,3692.2000,3693.0000,3693.8000,3694.0000,3694.8000,3695.6001,3696.0000,3696.8000,
3697.3999,3698.0000,3698.8000,3699.3999,3700.0000,3700.8000,3701.3999,3702.0000,3702.8000,3703.3999,3704.0000,3704.8000,3705.3999,3706.0000,3706.8000,
3707.3999,3708.0000,3708.8000,3709.3999,3710.0000,3710.8000,3711.3999,3712.0000,3712.8000,3713.2000,3714.0000,3714.8000,3715.0000,3715.8000,3716.6001,
3717.0000,3717.8000,3718.2000,3719.0000,3719.8000,3720.0000,3720.8000,3721.3999,3722.0000,3722.8000,3723.2000,3724.0000,3724.6001,3725.0000,3725.8000,
3726.3999,3727.0000,3727.8000,3728.2000,3728.8000,3729.6001,3730.0000,3730.8000,3731.3999,3732.0000,3732.8000,3733.0000,3733.8000,3734.6001,3735.0000,
3735.8000,3736.2000,3737.0000,3737.8000,3738.0000,3738.8000,3739.6001,3740.0000,3740.8000,3741.2000,3742.0000,3742.8000,3743.0000,3743.8000,3744.3999,
3745.0000,3745.8000,3746.3999,3747.0000,3747.8000,3748.3999,3749.0000,3749.8000,3750.6001,3751.0000,3751.8000,3752.6001,3753.0000,3753.8000,3754.6001,
3755.0000,3755.8000,3756.6001,3757.0000,3757.8000,3758.6001,3759.0000,3759.8000,3760.3999,3760.8000,3761.3999,3761.8000,3762.2000,3762.8000,3763.2000,
3763.8000,3764.2000,3764.8000,3765.2000,3765.8000,3766.0000,3766.8000,3767.0000,3767.8000,3768.0000,3768.8000,3769.0000,3769.8000,3770.0000,3770.8000,
3771.0000,3771.8000,3772.0000,3772.8000,3773.0000,3773.8000,3774.0000,3774.6001,3775.0000,3775.6001,3776.0000,3776.8000,3777.3999,3778.0000,3778.8000,
3779.8000,3780.2000,3781.0000,3781.8000,3782.6001,3783.2000,3784.0000,3784.8000,3785.6001,3786.0000,3787.0000,3787.8000,3788.3999,3789.0000,3789.8000,
3790.8000,3791.3999,3792.0000,3792.8000,3793.2000,3793.8000,3794.3999,3795.0000,3795.6001,3796.0000,3796.8000,3797.0000,3797.8000,3798.3999,3799.0000,
3799.6001,3800.0000,3800.8000,3801.0000,3801.8000,3802.3999,3803.0000,3803.6001,3804.0000,3804.8000,3805.0000,3805.8000,3806.2000,3807.0000,3807.6001,
3808.0000,3808.8000,3809.0000,3809.8000,3810.3999,3811.0000,3811.8000,3812.0000,3812.8000,3813.3999,3814.0000,3814.6001,3815.0000,3815.8000,3816.2000,
3817.0000,3817.6001,3818.0000,3818.8000,3819.2000,3819.8000,3820.6001,3821.0000,3821.8000,3822.0000,3822.8000,3823.3999,3824.0000,3824.8000,3825.0000,
3825.8000,3826.0000,3826.8000,3827.2000,3827.8000,3828.3999,3829.0000,3829.6001,3830.0000,3830.8000,3831.0000,3831.8000,3832.2000,3832.8000,3833.3999,
3834.0000,3834.6001,3835.0000,3835.8000,3836.0000,3836.8000,3837.0000,3837.8000,3838.2000,3838.8000,3839.6001,3840.0000,3840.8000,3841.8000,3842.8000,
3843.8000,3844.8000,3845.8000,3846.8000,3847.8000,3848.6001,3849.6001,3850.6001,3851.3999,3852.3999,3853.3999,3854.2000,3855.2000,3856.0000,3856.8000,
3857.0000,3857.6001,3858.0000,3858.3999,3858.8000,3859.0000,3859.8000,3860.0000,3860.6001,3861.0000,3861.3999,3861.8000,3862.0000,3862.8000,3863.0000,
3863.6001,3864.0000,3864.3999,3864.8000,3865.0000,3865.8000,3866.0000,3866.6001,3867.0000,3867.3999,3867.8000,3868.0000,3868.8000,3869.0000,3869.6001,
3870.0000,3870.3999,3870.8000,3871.0000,3871.8000,3872.0000,3872.8000,3873.6001,3874.2000,3875.0000,3875.8000,3876.8000,3877.2000,3878.0000,3878.8000,
3879.8000,3880.3999,3881.0000,3881.8000,3882.8000,3883.3999,3884.0000,3885.0000,3885.8000,3886.6001,3887.0000,3888.0000,3888.8000,3889.0000,3889.8000,
3890.0000,3890.8000,3891.0000,3891.8000,3892.0000,3892.8000,3893.0000,3893.8000,3894.0000,3894.8000,3895.0000,3895.8000,3896.0000,3896.8000,3897.0000,
3897.8000,3898.0000,3898.8000,3899.0000,3899.8000,3900.0000,3900.8000,3901.0000,3901.8000,3902.0000,3902.8000,3903.0000,3903.8000,3904.0000,3904.8000,
3905.2000,3906.0000,3906.8000,3907.2000,3908.0000,3908.8000,3909.2000,3910.0000,3910.8000,3911.2000,3912.0000,3912.8000,3913.0000,3913.8000,3914.6001,
3915.0000,3915.8000,3916.6001,3917.0000,3917.8000,3918.6001,3919.0000,3919.8000,3920.3999,3921.0000,3921.6001,3922.0000,3922.8000,3923.0000,3923.8000,
3924.2000,3924.8000,3925.3999,3926.0000,3926.6001,3927.0000,3927.8000,3928.0000,3928.8000,3929.0000,3929.8000,3930.2000,3930.8000,3931.3999,3932.0000,
3932.6001,3933.0000,3933.8000,3934.0000,3934.8000,3935.2000,3935.8000,3936.3999,3936.8000,3937.2000,3937.8000,3938.2000,3938.8000,3939.2000,3939.8000,
3940.2000,3940.8000,3941.2000,3941.8000,3942.0000,3942.8000,3943.0000,3943.8000,3944.0000,3944.8000,3945.0000,3945.8000,3946.0000,3946.8000,3947.0000,
3947.8000,3948.0000,3948.8000,3949.0000,3949.8000,3950.0000,3950.8000,3951.0000,3951.6001,3952.0000,3952.8000,3953.2000,3954.0000,3954.8000,3955.3999,
3956.0000,3956.8000,3957.3999,3958.0000,3958.8000,3959.6001,3960.0000,3960.8000,3961.6001,3962.0000,3962.8000,3963.8000,3964.2000,3965.0000,3965.8000,
3966.2000,3967.0000,3967.8000,3968.2000,3968.8000,3969.2000,3969.8000,3970.2000,3970.8000,3971.0000,3971.8000,3972.0000,3972.8000,3973.0000,3973.8000,
3974.0000,3974.8000,3975.0000,3975.8000,3976.0000,3976.6001,3977.0000,3977.6001,3978.0000,3978.6001,3979.0000,3979.6001,3980.0000,3980.3999,3981.0000,
3981.3999,3981.8000,3982.3999,3982.8000,3983.2000,3983.8000,3984.2000,3984.8000,3985.6001,3986.0000,3986.8000,3987.0000,3987.8000,3988.2000,3988.8000,
3989.6001,3990.0000,3990.8000,3991.0000,3991.8000,3992.2000,3993.0000,3993.6001,3994.0000,3994.8000,3995.0000,3995.8000,3996.2000,3997.0000,3997.6001,
3998.0000,3998.8000,3999.0000,3999.8000,4000.2000,4000.8000,4001.2000,4001.8000,4002.0000,4002.8000,4003.0000,4003.8000,4004.0000,4004.8000,4005.0000,
4005.8000,4006.0000,4006.6001,4007.0000,4007.6001,4008.0000,4008.3999,4008.8000,4009.3999,4009.8000,4010.2000,4010.8000,4011.2000,4011.8000,4012.0000,
4012.8000,4013.0000,4013.8000,4014.0000,4014.8000,4015.0000,4015.6001,4016.0000,4016.8000,4017.0000,4017.8000,4018.3999,4019.0000,4019.8000,4020.0000,
4020.8000,4021.3999,4022.0000,4022.8000,4023.0000,4023.8000,4024.3999,4025.0000,4025.8000,4026.0000,4026.8000,4027.6001,4028.0000,4028.8000,4029.2000,
4029.8000,4030.6001,4031.0000,4031.8000,4032.2000,4033.0000,4033.8000,4034.8000,4035.2000,4036.0000,4036.8000,4037.8000,4038.2000,4039.0000,4039.8000,
4040.6001,4041.2000,4042.0000,4042.8000,4043.6001,4044.2000,4045.0000,4045.8000,4046.6001,4047.2000,4048.0000,4048.8000,4049.8000,4050.6001,4051.3999,
4052.0000,4053.0000,4053.8000,4054.8000,4055.8000,4056.3999,4057.0000,4058.0000,4059.0000,4059.8000,4060.8000,4061.3999,4062.2000,4063.0000,4064.00
};